123.2234767	12.8407044	 -21.97829     9.69009    0.6     1.0     0    MAA1
123.2925728	12.7915656	 -22.71829    12.57708    1.3     0.6     0    MACL
123.4001341	12.5026265	   4.95388    -0.19535    3.0     1.3     0    MAB1
123.2845170 12.2278592	  -0.85735    -5.01023    1.2     0.6     0    MASM
123.1927182	12.0400082	   1.02159     2.31646    0.4     1.1     0    MASJ
123.5085396	12.2246170 	  -0.89723    -1.85959    0.8     0.6     0    MASI
123.7920197	12.1786678	  -2.99835     2.14969    0.6     0.5     0    MASG
123.7876306	12.2234611   -10.74962     0.38499    1.7     0.7     0    MASU
124.0473389	11.8842889	  -0.39541     4.24576    0.9     0.6     0    MPCK
123.7281194 12.4028806   -20.51346    15.33298    0.5     0.9     0    MAD2
123.5999611	12.6029694	 -22.50483    17.13576    0.4     0.9     0    MAC2
123.9236208	12.1459556	 -15.33967    16.65225    0.8     0.9     0    MASF
124.3245000 12.4244806	 -25.77646    24.05433    0.4     0.8     0    NSEV
124.5959806 12.0710389	 -30.25094    22.53989    0.6     1.0     0    NSNC