08:00:00	-0.5	0.3	3.2
08:00:01	1.5	2	0.7
08:00:02	-5.1	-1	-9.5
08:00:03	4.1	-1.1	3.1
08:00:04	-1.9	1	-1.6
08:00:05	1.9	-1.2	-0.3
08:00:06	-2.5	-1	-1.8
08:00:07	1.4	1	3.9
08:00:08	1.5	-1.4	-0.9
08:00:09	0.1	0.5	-4
08:00:10	-1.6	-0.1	2.8
08:00:11	0.1	0.7	1
08:00:12	-1.2	-1.1	-7
08:00:13	1.8	1.3	8
08:00:14	0.1	-1.1	-3.2
08:00:15	-2.8	0.5	-5.2
08:00:16	3.2	-1.9	-0.3
08:00:17	-0.7	1.7	3.8
08:00:18	-2.1	-0.6	-6.4
08:00:19	2.7	-0.4	5.2
08:00:20	-3.6	-0.5	-4.5
08:00:21	3.6	0.4	1.7
08:00:22	-1.4	-1.1	-0.1
08:00:23	-2.1	0.2	-3.6
08:00:24	-0.4	0.6	-0.2
08:00:25	-0.1	-0.3	-2.8
08:00:26	-1.1	-0.7	2.5
08:00:27	0	-0.2	-3.4
08:00:28	1.2	0.2	1.6
08:00:29	-1.7	1.4	2.1
08:00:30	2.1	-2.1	-4.1
08:00:31	-1	-0.1	-1.1
08:00:32	1.8	0.7	-1.8
08:00:33	-1.9	-0.4	0.3
08:00:34	1.2	0.7	2
08:00:35	-1.3	0.3	-4.6
08:00:36	2.5	-1.6	-1.2
08:00:37	-2.7	0.5	1.1
08:00:38	3.9	-1.4	0.6
08:00:39	-2.5	2.1	2.5
08:00:40	1	0.2	-9.3
08:00:41	-0.7	-1.3	6.8
08:00:42	0.1	1.2	-5.1
08:00:43	1.4	0.1	-0.6
08:00:44	-0.4	-1.3	-4.1
08:00:45	-1.3	1.5	1.9
08:00:46	-0.2	-2.2	-1.6
08:00:47	1	0.1	-2.8
08:00:48	-1.3	0	6.7
08:00:49	2.1	-0.6	-7.7
08:00:50	0.1	-0.1	-2
08:00:51	-1.2	0.5	-1.9
08:00:52	-0.6	-1.2	-3.7
08:00:53	0.7	-0.4	3.8
08:00:54	0.2	1	0.2
08:00:55	0	-0.6	-2
08:00:56	-0.1	-1.3	-1.1
08:00:57	-0.1	0.4	-4.3
08:00:58	0.3	-2.2	2.1
08:00:59	-1.2	0.8	-8
08:01:00	0.4	-0.7	5.4
08:01:01	-1.2	0.5	-0.7
08:01:02	-0.1	-0.7	1.9
08:01:03	2.9	0.2	-5.2
08:01:04	-2	-0.2	-2.8
08:01:05	0.6	0.6	0
08:01:06	-1.3	-2	-2.9
08:01:07	0.6	-0.3	-2.9
08:01:08	-0.1	-0.6	1.8
08:01:09	1.5	2.5	-9
08:01:10	-0.2	-1.9	3.8
08:01:11	1.3	-1.1	-2.9
08:01:12	-0.1	2.1	2.4
08:01:13	-0.6	-1	-1.3
08:01:14	-2.1	-0.1	-3.7
08:01:15	4	-1.7	-1.3
08:01:16	-1.2	2.3	-2.5
08:01:17	-0.3	-1.4	0.3
08:01:18	1.3	1.6	-5.7
08:01:19	0.5	-0.7	1
08:01:20	-2	-0.6	-3.3
08:01:21	-0.5	-0.2	3.8
08:01:22	1.6	-1.5	-3.7
08:01:23	-3.2	-0.1	4.9
08:01:24	1.4	-0.3	-3.2
08:01:25	1.8	0.6	2
08:01:26	-2	1.8	-4.4
08:01:27	1.8	-2.1	2.3
08:01:28	-1.9	0.1	-2
08:01:29	-0.7	0.8	-4.7
08:01:30	1.5	1.1	-0.8
08:01:31	-0.5	2	-0.8
08:01:32	0.2	-1	2.2
08:01:33	-0.5	-0.5	-3.7
08:01:34	0.5	-0.7	-3.5
08:01:35	4.8	-0.4	1
08:01:36	-3.6	-1	4.5
08:01:37	1	0.2	-1.1
08:01:38	-1.4	0.1	-4.4
08:01:39	-0.6	1.5	5.2
08:01:40	0	-3.4	-5.3
08:01:41	2.3	0.3	0.3
08:01:42	-1.6	1.7	-2.4
08:01:43	2.7	-1.6	-2
08:01:44	-0.2	1	-5.6
08:01:45	-0.8	-1.4	5.1
08:01:46	-0.3	0.9	-4.9
08:01:47	0.7	-0.3	-1.1
08:01:48	-2.3	0.4	-2.6
08:01:49	3	0	-0.6
08:01:50	-3.4	-0.7	-3.8
08:01:51	2.5	-1.4	0.3
08:01:52	-1.8	0	-4
08:01:53	1.9	-0.7	-1.5
08:01:54	-0.4	2.1	4
08:01:55	1.1	-1.7	3.4
08:01:56	0.6	-2.7	-7.2
08:01:57	0.8	0.6	-2.2
08:01:58	-1	1.5	3.4
08:01:59	-2.1	0.7	-1.9
08:02:00	-0.6	-0.9	-4.2
08:02:01	0.5	0.5	2.8
08:02:02	1.7	-0.7	-2.2
08:02:03	1.2	-1	0.7
08:02:04	-1.2	0.9	-2.2
08:02:05	-0.9	0.7	3.2
08:02:06	0.4	-1.7	-3.4
08:02:07	-0.7	1	-0.8
08:02:08	2.1	0.2	-1.8
08:02:09	-1.4	-0.1	2
08:02:10	-2	0.7	-8.3
08:02:11	0.6	0.4	-3.2
08:02:12	0.9	-2.5	2.6
08:02:13	1.3	0.9	-0.6
08:02:14	-0.6	-2.4	2.6
08:02:15	1.9	2.2	-1.1
08:02:16	-2.5	0.2	-3.5
08:02:17	-0.7	0.5	-3.6
08:02:18	0.6	-0.5	2
08:02:19	0.1	0.3	-4.9
08:02:20	2.2	2.2	1.6
08:02:21	-1.2	-1	-1.1
08:02:22	2.2	-1.6	2.3
08:02:23	-0.4	1.1	-6.8
08:02:24	1.9	0.2	0.9
08:02:25	-0.8	-0.4	3.5
08:02:26	0.1	-0.5	-1.6
08:02:27	-0.4	0.8	-6.4
08:02:28	-1.7	-2	6.1
08:02:29	-1.8	3.1	-0.5
08:02:30	0.5	-0.9	4.8
08:02:31	-0.3	0.1	-4
08:02:32	2.2	0	-2.3
08:02:33	-0.3	-1	-4
08:02:34	2.2	-1.2	-1.8
08:02:35	-3.5	1	0
08:02:36	2.4	1.4	1.1
08:02:37	-0.6	-0.4	-6.4
08:02:38	-1.6	-0.5	4.7
08:02:39	0.3	-1.1	-1.6
08:02:40	-1	3.1	-5.5
08:02:41	3.3	-3.7	-0.7
08:02:42	-1	0.5	2.2
08:02:43	1.5	0.1	1.4
08:02:44	-2.3	-0.4	-7.4
08:02:45	0.2	0.8	0.8
08:02:46	1	-1.3	-2
08:02:47	1.6	0.4	0.8
08:02:48	-1.8	-1	1.3
08:02:49	-0.6	1.2	-6.4
08:02:50	0.9	0	-0.4
08:02:51	-1	-0.1	-1.7
08:02:52	-1	-0.1	-0.1
08:02:53	0.6	-0.6	-5.9
08:02:54	2.9	0.6	3.5
08:02:55	-1.6	1.3	3.9
08:02:56	0.6	-0.4	0.1
08:02:57	1.2	0.3	-3.8
08:02:58	-1	-0.9	3
08:02:59	0.9	1	1.7
08:03:00	-3.4	1.1	-3.1
08:03:01	2.2	-2.1	-0.6
08:03:02	0.4	1.5	-4.1
08:03:03	1.4	-1.5	1.4
08:03:04	-1.3	-1	-5.1
08:03:05	-2.9	-0.1	-2.4
08:03:06	0.9	1.8	3.6
08:03:07	0.9	-2.1	0.8
08:03:08	1.2	1.2	-0.6
08:03:09	-0.3	-0.1	1.3
08:03:10	-0.5	-0.2	-2.7
08:03:11	-0.8	2.2	-1.1
08:03:12	3.2	1	-2.4
08:03:13	0.8	-0.5	-3.3
08:03:14	-4.1	0.7	-0.3
08:03:15	2	0.7	5.6
08:03:16	1.8	-0.4	-0.2
08:03:17	0.8	-0.5	-1.7
08:03:18	-1.2	-0.8	-2.2
08:03:19	1.6	1	1.9
08:03:20	-2.5	2.9	-4.7
08:03:21	3.2	-1.5	-1
08:03:22	-1.6	-0.3	4.8
08:03:23	1.3	0	-1.2
08:03:24	3	0	0.4
08:03:25	-0.7	-0.4	0.9
08:03:26	-0.4	1.3	-8.5
08:03:27	-0.5	0.3	7.3
08:03:28	0.3	1.3	-2.8
08:03:29	0.7	-2.2	4.6
08:03:30	-1.9	0.3	-6
08:03:31	1.8	0.6	2.7
08:03:32	0.8	-0.3	-2.6
08:03:33	-3.1	-1.3	2.8
08:03:34	1.9	1.6	1.7
08:03:35	1.9	0.1	-3.9
08:03:36	-1.1	-1.8	0.7
08:03:37	-0.8	2.6	-3.9
08:03:38	-0.6	-0.8	-2.3
08:03:39	1.6	1.1	1.2
08:03:40	0.5	-1.2	0.9
08:03:41	0.3	1	1.2
08:03:42	1.9	0.5	-0.5
08:03:43	-1.4	0.7	-0.8
08:03:44	-1.3	0.4	-3.7
08:03:45	-0.7	-0.9	-8
08:03:46	1.4	-0.4	7
08:03:47	-1.4	-1	0.9
08:03:48	-2.3	0.8	-6.2
08:03:49	4.4	0	-4.8
08:03:50	0.8	-0.9	2.6
08:03:51	2.2	0.6	-6.3
08:03:52	-4.2	-0.5	3
08:03:53	-0.2	0.5	-4.8
08:03:54	-2.3	-2	-2.4
08:03:55	3.3	1	0.2
08:03:56	1.4	-0.1	-1.2
08:03:57	-0.2	0.2	-0.5
08:03:58	-1.7	-0.6	1.6
08:03:59	1.5	0.7	-4.7
08:04:00	1.1	-0.9	-2.6
08:04:01	-1.6	2.2	-0.9
08:04:02	-2	-2.3	-4.9
08:04:03	3.1	-0.8	8.3
08:04:04	0.5	0.1	-3.8
08:04:05	-3.5	-0.7	1.3
08:04:06	2.5	-0.6	-3.8
08:04:07	-0.6	-0.9	2.5
08:04:08	0.6	0.4	0.7
08:04:09	-0.4	1.3	-7.2
08:04:10	2	-1.6	-1.9
08:04:11	-0.5	0.4	5.5
08:04:12	-1.5	-0.7	-0.7
08:04:13	0.3	0	1.2
08:04:14	0.6	1	-3.9
08:04:15	0.3	0	-3
08:04:16	-1.9	-1.5	0.3
08:04:17	1.9	1.7	-3.5
08:04:18	-1.6	1.6	4
08:04:19	0	-3.1	-2.4
08:04:20	1.9	1.5	-3.5
08:04:21	2.4	-1.8	0.3
08:04:22	-0.8	0.5	2.9
08:04:23	-0.8	-0.2	0.3
08:04:24	-0.2	0.6	-5.8
08:04:25	1.8	-1.6	0.7
08:04:26	-2	0.2	-2.6
08:04:27	0.4	-0.2	-2.5
08:04:28	-0.7	0.7	-4.3
08:04:29	2.4	-0.4	4
08:04:30	-0.4	-0.4	-5.2
08:04:31	-3.9	0.7	-7.9
08:04:32	2.1	1.3	2.9
08:04:33	1	-1.5	-3.5
08:04:34	-0.5	1.9	-4.1
08:04:35	-1.5	-0.4	1.6
08:04:36	0.3	-0.5	-0.9
08:04:37	-1.4	1.9	-8.9
08:04:38	1.2	-1.5	0.7
08:04:39	-0.4	-1.2	0.2
08:04:40	-1	0.2	-3.4
08:04:41	-0.1	0.6	1.2
08:04:42	1.2	-0.3	-3.1
08:04:43	-1.8	0.1	-1.3
08:04:44	-0.1	1.9	-1.2
08:04:45	4.6	-1.5	0.4
08:04:46	-2.3	1.3	0.4
08:04:47	1.7	-1.5	-2.1
08:04:48	-0.3	-1.3	0.6
08:04:49	0.9	0.6	-1.4
08:04:50	-0.2	0.8	-0.2
08:04:51	0.9	-1.4	1
08:04:52	-1.3	0.9	-4
08:04:53	2.3	1.4	1.5
08:04:54	-0.2	-2.3	-0.2
08:04:55	-2.6	1.3	-6.5
08:04:56	2.4	0.4	0.6
08:04:57	-0.3	0.1	0.2
08:04:58	-1.1	0.1	-0.8
08:04:59	-0.5	0.6	1.9
08:05:00	4.2	-0.3	-0.8
08:05:01	0.5	-0.7	-2.6
08:05:02	-2.5	0.1	-2.1
08:05:03	0.3	0.5	-1.3
08:05:04	-1	0.4	0.5
08:05:05	0.9	-0.4	-2.3
08:05:06	1.1	-1.3	3.7
08:05:07	0.4	0.7	-1.8
08:05:08	-2	-1.8	-1.8
08:05:09	0.6	-0.1	-4.3
08:05:10	0.1	0.8	4.1
08:05:11	1.3	-0.1	-1
08:05:12	-1.3	-0.3	1.6
08:05:13	2.3	0	1.6
08:05:14	-2.3	-0.4	-4.3
08:05:15	2.7	-0.7	-3.3
08:05:16	-1.3	1.8	-2.5
08:05:17	-1.3	-1.1	3.5
08:05:18	1.5	-1.2	-3.2
08:05:19	0.5	0.4	-2
08:05:20	-1.1	-0.2	0.5
08:05:21	1.2	-0.4	1
08:05:22	-1.1	-1.1	0.5
08:05:23	-0.3	2.3	-4.3
08:05:24	1	-0.5	2.3
08:05:25	-0.2	0	0.9
08:05:26	0.2	-1.2	-4.7
08:05:27	3.5	-0.7	1.8
08:05:28	-1.4	-0.3	0.5
08:05:29	0.7	-1.5	1.6
08:05:30	-1.1	1.6	-1.6
08:05:31	0.4	-0.9	-3.2
08:05:32	-1.9	0.3	-2.5
08:05:33	2.3	-0.7	0.3
08:05:34	-1.9	-0.2	-1.4
08:05:35	1.6	-0.7	-0.4
08:05:36	-2.8	-0.1	-3.6
08:05:37	-0.8	0	5.1
08:05:38	3.1	-1	-6.1
08:05:39	-0.5	-0.9	-0.7
08:05:40	1.7	-0.2	0.9
08:05:41	1.9	1.1	-1
08:05:42	-2.2	-2.1	0.5
08:05:43	0.4	0.4	-2.3
08:05:44	0.6	0.8	-0.1
08:05:45	-1	0.2	-0.6
08:05:46	-0.5	0.5	-3.1
08:05:47	1.2	0.9	-0.5
08:05:48	0	-1.8	-0.6
08:05:49	-0.6	1.4	-3.9
08:05:50	0.1	-1.9	-1.1
08:05:51	-0.9	0.5	1.6
08:05:52	-0.9	-1.4	-0.2
08:05:53	0.2	0.4	-0.4
08:05:54	-0.3	1.4	-1.2
08:05:55	1.5	-1.3	-0.3
08:05:56	1.5	0.4	-1.1
08:05:57	-2.1	-1.1	-0.9
08:05:58	0.3	1.8	-2.9
08:05:59	1.4	-1	0.2
08:06:00	0.3	-1.3	4.9
08:06:01	-0.4	-0.8	-3.7
08:06:02	-1.6	1.4	-0.5
08:06:03	0.6	-2.6	0
08:06:04	-1.5	1	-0.5
08:06:05	-1.4	2.5	-3.2
08:06:06	2.4	-0.2	-3
08:06:07	-0.8	0.1	2.2
08:06:08	0.4	-1.2	-4.1
08:06:09	0	-1	1.7
08:06:10	0.4	0.9	-0.2
08:06:11	1.3	-2.4	4.1
08:06:12	-0.7	1.3	-3
08:06:13	0.2	2.3	-4
08:06:14	-0.6	-0.8	-1.5
08:06:15	1.2	-1.5	-3.5
08:06:16	-2.4	0.7	-1
08:06:17	-0.1	-0.2	0.2
08:06:18	3.2	-0.8	4.5
08:06:19	-3.4	2.6	-1.7
08:06:20	3.7	-0.4	-1.8
08:06:21	-0.3	1.2	-0.8
08:06:22	-1.5	-1.7	-1.9
08:06:23	1.5	0.2	0.6
08:06:24	-2.5	1.3	-5.4
08:06:25	1.1	-2.2	7.3
08:06:26	1.6	-0.1	-2.2
08:06:27	-1.7	1.7	-3.7
08:06:28	-1.1	0.4	0.4
08:06:29	2.4	-1.2	-0.2
08:06:30	-2.4	0.9	-0.5
08:06:31	1.2	-0.9	0.6
08:06:32	0.8	-0.5	-5.1
08:06:33	-0.3	-1.5	-1.9
08:06:34	0.5	-1	-0.2
08:06:35	1.1	1	-4.9
08:06:36	-1.8	-0.5	8.3
08:06:37	-1	-0.7	-4.9
08:06:38	-0.2	-0.6	-1.9
08:06:39	0.4	-1.3	6
08:06:40	2.1	1.8	-5.4
08:06:41	-1.2	0.4	-6.1
08:06:42	0.9	-0.5	0.8
08:06:43	-0.4	-0.8	1.7
08:06:44	0.3	0.1	-4.8
08:06:45	-1.3	0.3	0.1
08:06:46	3.6	1.2	-1.7
08:06:47	-0.6	-0.9	3.4
08:06:48	-0.2	-0.4	-6.7
08:06:49	0.8	-0.4	4
08:06:50	-1.2	-1.2	3.9
08:06:51	1.9	0.5	-8.5
08:06:52	-0.5	0.4	4.3
08:06:53	1.9	-3.3	-2.4
08:06:54	1	3.1	-3.7
08:06:55	0.3	0.9	-2.6
08:06:56	-4.3	-1.4	3.1
08:06:57	3.5	-1.1	3.7
08:06:58	-0.8	-0.7	-2.7
08:06:59	1.5	-0.7	7.2
08:07:00	-0.6	0.2	-7.6
08:07:01	0.6	0.6	-10.6
08:07:02	1.5	0.8	8.2
08:07:03	1	0.1	-0.3
08:07:04	-2.5	-2.3	-2.1
08:07:05	0.8	0	0.1
08:07:06	-0.2	0.3	-2
08:07:07	-0.1	0.5	0
08:07:08	-0.4	-1.8	-3.3
08:07:09	3.4	2.1	-1.1
08:07:10	-2.6	-2.4	-0.1
08:07:11	-0.5	1.1	-1.6
08:07:12	-0.1	0.2	-5.7
08:07:13	-0.8	-1.1	3
08:07:14	3.2	0.7	4.1
08:07:15	-1.8	-0.7	-7.5
08:07:16	-0.8	0.8	-0.1
08:07:17	1.4	0.8	-2.4
08:07:18	-1.5	0.4	1.1
08:07:19	0	-1.8	0
08:07:20	1.4	-1.2	2.6
08:07:21	-0.1	-2	2.5
08:07:22	-1.2	-0.4	-6.7
08:07:23	0.8	1.9	-1.4
08:07:24	-4.2	-1.1	-1.7
08:07:25	2.1	1.3	-1
08:07:26	0.6	-0.4	-0.7
08:07:27	-2.7	0.5	0
08:07:28	1.6	-0.4	-1
08:07:29	-0.3	0.9	-0.2
08:07:30	1.5	0.1	0.7
08:07:31	-0.5	0.1	-0.1
08:07:32	2	-1.2	-2.1
08:07:33	-2.6	1.5	0.5
08:07:34	0.2	-1.2	-4
08:07:35	-1.1	1	-2.2
08:07:36	-0.2	-0.9	0.9
08:07:37	-0.3	-2.5	8.9
08:07:38	3.5	0.1	-6.4
08:07:39	-1.3	-0.4	0.7
08:07:40	1.7	-0.1	-6.6
08:07:41	-0.2	0	5.3
08:07:42	-0.3	-0.5	3.1
08:07:43	0.3	0.8	-3.3
08:07:44	-1.2	-1.8	2.4
08:07:45	1.2	0	-4.7
08:07:46	0.1	1.2	-0.6
08:07:47	-3.2	1.7	-5
08:07:48	1.8	-1.6	-3.6
08:07:49	-2.3	-0.3	1.3
08:07:50	2.1	0.7	1.3
08:07:51	0	-0.6	-2.6
08:07:52	1.5	0.7	-6.4
08:07:53	0	1.4	4.8
08:07:54	-2.3	-2.1	-5.8
08:07:55	2.6	0.8	0.1
08:07:56	0.6	-0.4	-0.8
08:07:57	0.3	2.2	0.3
08:07:58	-0.7	0.3	3.1
08:07:59	2.5	0.6	-4.4
08:08:00	-2.7	-2.2	1.4
08:08:01	0.3	2.1	-6.2
08:08:02	0.2	-0.4	2.8
08:08:03	1.5	-1.1	1.9
08:08:04	0.4	2	-2
08:08:05	0.7	-1.2	0.9
08:08:06	-2.8	1.1	-1.2
08:08:07	2.5	-1.6	-2.4
08:08:08	-1.9	0.9	-0.8
08:08:09	-0.1	0.8	1.3
08:08:10	1.6	-1.2	-4.7
08:08:11	-1.9	-0.9	2.8
08:08:12	0.6	1.1	-4.2
08:08:13	1	-0.7	-0.3
08:08:14	-1	-1.7	4.1
08:08:15	0.3	2.5	-6.5
08:08:16	0.5	-2.2	1.9
08:08:17	2.3	-1.9	2.1
08:08:18	-2.4	2.7	-3.2
08:08:19	-1.3	-0.6	0.6
08:08:20	0.8	-1.1	-2.6
08:08:21	4.1	-0.1	0.1
08:08:22	-1.4	0.2	1.4
08:08:23	-1.6	0.7	-7.1
08:08:24	0.4	0.3	2
08:08:25	-1.7	0.8	-3.7
08:08:26	2	-1.5	1.9
08:08:27	-3.8	0.1	-1.1
08:08:28	2.5	-2.1	-2.2
08:08:29	-1.4	1.4	1.4
08:08:30	0.6	0.8	2.5
08:08:31	1.9	-2.3	-5.4
08:08:32	0.4	2.7	1.8
08:08:33	-0.1	-1.3	0.3
08:08:34	-0.8	0.6	-4.5
08:08:35	0.3	0.3	4.2
08:08:36	0.6	0.3	0.2
08:08:37	-1.2	-1.6	-6.3
08:08:38	3.8	-0.8	-1
08:08:39	-1.9	-0.4	1.4
08:08:40	-1.2	0	-1.1
08:08:41	-1.9	1.4	-4.8
08:08:42	2.2	-1.6	0.1
08:08:43	0.2	0	4.2
08:08:44	0.6	-0.6	-2.4
08:08:45	-0.1	0.1	-2.7
08:08:46	-0.1	0.2	-3
08:08:47	-1.6	-0.8	-0.7
08:08:48	2.4	0	-4.5
08:08:49	0.8	-0.3	7.9
08:08:50	-1.2	-0.2	-4.5
08:08:51	-0.3	0.2	-1.8
08:08:52	2.2	-1.4	-2.8
08:08:53	-4.4	2.1	-1.1
08:08:54	3.1	-1.2	1.4
08:08:55	-0.1	1	0.4
08:08:56	0	0.8	-5.2
08:08:57	1.1	0.5	-4.6
08:08:58	-2.1	-0.6	5.1
08:08:59	0.8	0.8	-4.7
08:09:00	0.9	0.3	-0.9
08:09:01	-0.2	-0.7	0.4
08:09:02	1.2	1.8	-1.8
08:09:03	0.7	0.1	-3.1
08:09:04	-1.6	-1.1	0.9
08:09:05	0.9	0.5	-3.7
08:09:06	1.1	-0.5	1.9
08:09:07	0.3	-0.2	-3.3
08:09:08	-2.3	3	-3.7
08:09:09	-0.2	-0.9	-2.1
08:09:10	-0.7	1.2	0.6
08:09:11	-0.6	-0.2	-2.5
08:09:12	0.3	0.8	-1.8
08:09:13	-0.3	-1.9	-3.4
08:09:14	-2	-1.1	-0.9
08:09:15	1	1.1	1.1
08:09:16	3	-0.1	-6.6
08:09:17	0.2	-1.2	1.8
08:09:18	-0.3	1.3	-2.4
08:09:19	-0.8	-2.7	-2.3
08:09:20	-1.5	1	0.4
08:09:21	0.5	-2.9	-0.9
08:09:22	0.2	2.8	-0.8
08:09:23	1.5	-0.2	-0.3
08:09:24	-1.6	0.9	-2
08:09:25	-1.1	-0.9	1.5
08:09:26	3.2	-0.6	-5.3
08:09:27	2.9	-0.2	-3.2
08:09:28	-1.6	-0.2	-0.7
08:09:29	1.9	0.1	0.8
08:09:30	-2.2	0.2	-3.4
08:09:31	-1.9	-0.3	0.3
08:09:32	-0.4	-0.2	0.5
08:09:33	3.6	-0.6	-1.4
08:09:34	-5.6	0.4	0
08:09:35	-0.2	-1.1	1.2
08:09:36	1.4	2.1	-0.6
08:09:37	1.9	-0.5	-5.6
08:09:38	-0.9	-2	-0.1
08:09:39	-0.4	-0.4	2.2
08:09:40	-0.6	-0.3	-5.1
08:09:41	2.6	1.2	-1.5
08:09:42	-2.4	-0.5	4.9
08:09:43	1.9	-0.9	-3.3
08:09:44	-0.7	0.4	-5.6
08:09:45	0.7	-0.2	4.9
08:09:46	-1.3	-1.4	-4.6
08:09:47	0.6	-0.9	-2.7
08:09:48	0.4	1.5	3.4
08:09:49	0.9	-0.4	2.5
08:09:50	0.7	-2.6	2.1
08:09:51	0.6	1.9	-7.4
08:09:52	-1.8	-1.9	0.5
08:09:53	-0.5	2	-5.5
08:09:54	3.1	-2.6	3.8
08:09:55	-1.5	1.7	-1.2
08:09:56	0.1	-0.8	-0.8
08:09:57	1.5	-0.9	2.5
08:09:58	-1.7	2.7	-6.2
08:09:59	-0.3	-1.3	5.7
08:10:00	0.5	-1.2	-3.4
08:10:01	-0.2	1.7	-1.6
08:10:02	-0.1	-2.3	-0.4
08:10:03	0.1	1.2	-5.8
08:10:04	-0.9	1.5	3.5
08:10:05	5.1	-2.7	3.8
08:10:06	0.3	0.7	-2
08:10:07	-0.2	-0.4	-2.1
08:10:08	-0.1	-1.1	-0.2
08:10:09	3.5	0.5	3.4
08:10:10	-1.4	0.8	-6.1
08:10:11	-0.6	-2.3	2.7
08:10:12	-0.6	2.1	1.3
08:10:13	0.1	-1.3	-4.1
08:10:14	1.3	1.2	1.3
08:10:15	-0.9	-0.9	-5.4
08:10:16	-1.2	0.9	-3
08:10:17	0.7	-0.1	-1.1
08:10:18	2.2	-0.4	2.1
08:10:19	-0.6	-1.6	-1.1
08:10:20	-1.5	0.2	1
08:10:21	-0.1	0.2	-0.5
08:10:22	0.9	-0.6	-1
08:10:23	0.2	1.1	-6.4
08:10:24	-1.4	1.7	4.5
08:10:25	-0.5	-0.5	-5
08:10:26	1	-1.1	-2.7
08:10:27	1	4.5	3.4
08:10:28	-0.8	-3.8	0.9
08:10:29	-0.2	1.5	-1.6
08:10:30	0.4	1.7	-4.2
08:10:31	1.7	-1.5	1.6
08:10:32	-0.2	0.1	4.3
08:10:33	-0.9	0.3	-4.9
08:10:34	1.4	-1.1	-4
08:10:35	-1.5	0.1	0.1
08:10:36	0.1	-1.2	2.8
08:10:37	1.3	0.9	2.4
08:10:38	1.1	-1.7	-1
08:10:39	-0.5	1.3	-1
08:10:40	-0.7	1.2	-2.6
08:10:41	1	-2.3	4.7
08:10:42	-0.3	3.9	-5.3
08:10:43	-3.7	-1.8	3
08:10:44	1.1	-0.1	-0.9
08:10:45	-0.9	0.8	-4.1
08:10:46	3	-1.2	4.5
08:10:47	-1.5	0.7	-5.2
08:10:48	-1.4	-0.1	0.8
08:10:49	1.3	-0.2	1.4
08:10:50	0.3	-1.5	-0.3
08:10:51	0.1	1.3	-4.9
08:10:52	-1.1	1.6	5.1
08:10:53	0.9	0.2	-1.1
08:10:54	0.1	-2	-3.2
08:10:55	-2.1	-0.4	1.8
08:10:56	1.4	1.7	0.1
08:10:57	1	-0.2	-3.9
08:10:58	-1.4	-1.5	0.4
08:10:59	0.9	1.1	5.2
08:11:00	-1.2	-1.4	-4.7
08:11:01	0.4	0.7	-1.7
08:11:02	0.6	0.1	-4.8
08:11:03	0.8	-2.2	0.9
08:11:04	-2.5	0.8	2.7
08:11:05	1.1	-2.4	-6.3
08:11:06	0.7	1.6	-0.8
08:11:07	1.1	-2.5	-2.2
08:11:08	0	0.1	1.1
08:11:09	-0.6	0.4	-2.3
08:11:10	0.8	-2.2	1.9
08:11:11	-0.7	1.8	-5.8
08:11:12	-0.1	-1	-3.1
08:11:13	1.2	-1.4	7.4
08:11:14	-2.6	-0.5	-4.6
08:11:15	0.1	0.4	0
08:11:16	2.3	-0.6	-0.4
08:11:17	-1.7	-0.8	-2.1
08:11:18	2.3	2.7	-1.9
08:11:19	-1.9	-1.9	-6.6
08:11:20	-1.9	-1.2	3.3
08:11:21	3.4	2.1	-0.1
08:11:22	-0.3	0.1	-0.4
08:11:23	-1.9	0.1	1.2
08:11:24	1.2	-0.7	-5.1
08:11:25	2	-2.1	2.3
08:11:26	-1.9	2.4	-1
08:11:27	2.7	-2.1	0.8
08:11:28	-1.8	-0.9	1
08:11:29	-0.3	0.1	-4
08:11:30	0	-1	3.9
08:11:31	0	-0.9	-3.3
08:11:32	-2.3	1.1	0.1
08:11:33	0.5	-0.4	-2
08:11:34	3.3	-0.8	-0.8
08:11:35	-1.6	1	1.9
08:11:36	2.7	-1.2	-2.8
08:11:37	1.1	2.1	1
08:11:38	-1.6	-0.9	-1.6
08:11:39	0.6	-1.8	3.4
08:11:40	0.8	1.5	-7.9
08:11:41	1.2	1.2	6.7
08:11:42	1.1	-1.1	-4.1
08:11:43	-4.1	0.8	0.3
08:11:44	0.5	1.5	-3.9
08:11:45	2.4	-2.5	6.9
08:11:46	1.2	-0.1	-0.6
08:11:47	-1.9	-0.8	-2
08:11:48	1.1	0	-1.4
08:11:49	-0.4	-0.5	-2.4
08:11:50	-0.8	0.4	-1
08:11:51	-0.9	0.2	1.1
08:11:52	1.6	-0.4	-1.3
08:11:53	-2.1	1	-0.4
08:11:54	0.7	0.7	-3.6
08:11:55	-0.4	-2.6	-2.4
08:11:56	-0.8	1.6	-2.5
08:11:57	-1.2	-1.6	5.7
08:11:58	2.7	-0.3	-1.2
08:11:59	-1.7	1	-5.3
08:12:00	3.2	0.6	-3
08:12:01	0.2	-0.8	6.7
08:12:02	-2.5	-1.7	-8.5
08:12:03	-0.3	3	4.4
08:12:04	0.6	-1.7	-2.7
08:12:05	-1.1	0.4	-4.8
08:12:06	2.6	-0.9	-0.8
08:12:07	-0.1	-0.7	1.8
08:12:08	-0.3	1.2	-2.4
08:12:09	-2.2	-0.1	0.7
08:12:10	0.5	-0.5	-0.4
08:12:11	1.3	0.8	1.4
08:12:12	0.6	-0.6	2.3
08:12:13	0.2	-0.4	-10.8
08:12:14	0.1	-1.1	6.7
08:12:15	0.2	1.3	-5.4
08:12:16	-1.6	-2.2	1.4
08:12:17	1.3	2.4	-1.1
08:12:18	1.8	0.1	-6.2
08:12:19	-0.5	-0.9	2.1
08:12:20	1.6	-0.6	-0.8
08:12:21	0.7	-2.2	-0.7
08:12:22	0.6	3.2	-3.5
08:12:23	-0.6	-1.4	-0.4
08:12:24	-2.2	1.8	-2
08:12:25	0.9	0.3	-0.2
08:12:26	-2.4	-0.7	2.8
08:12:27	0.6	-1	2.1
08:12:28	3.3	2.1	-4.1
08:12:29	1.2	-1.3	2.2
08:12:30	-4.3	-0.4	0
08:12:31	1.7	2	-2.3
08:12:32	-0.1	-1.9	-4.1
08:12:33	1.3	1.6	5
08:12:34	0.9	-0.2	-0.9
08:12:35	0.8	-2.6	-1.1
08:12:36	-2.5	0.9	-0.5
08:12:37	0.9	-1.2	0.9
08:12:38	-0.1	0	-0.2
08:12:39	-3.4	0.4	-3.5
08:12:40	3.5	0.2	-0.5
08:12:41	0.5	-3.3	2.8
08:12:42	2.5	1.6	-3.2
08:12:43	-1.9	-0.9	-4.7
08:12:44	2.5	-0.5	0
08:12:45	-2.3	1.4	-3.1
08:12:46	0.6	-2.7	0.2
08:12:47	-1.2	0.7	1
08:12:48	0.6	-1.2	0.3
08:12:49	0.4	0.7	-1.5
08:12:50	-1.4	1.2	-3.1
08:12:51	2.4	-0.5	-1.1
08:12:52	-1.2	1.1	2.6
08:12:53	2	-3.2	-5.4
08:12:54	1.3	1.3	3.4
08:12:55	-1.6	-0.1	-1.3
08:12:56	1.4	-0.1	3.4
08:12:57	-2.7	1.1	-5.1
08:12:58	2.8	-0.1	4.9
08:12:59	-3.8	0.2	1.7
08:13:00	2.4	0.3	-4.8
08:13:01	1.2	-0.9	3.5
08:13:02	-2.1	-0.8	-1.5
08:13:03	0.9	0.4	-6.1
08:13:04	2.5	0.7	1.3
08:13:05	-2.5	-1	2.4
08:13:06	1.4	-0.1	-6.3
08:13:07	-0.9	0.5	6.8
08:13:08	-0.5	-0.8	-8.2
08:13:09	-1.1	-0.1	0.4
08:13:10	3.1	1.2	-3.4
08:13:11	-2	-0.7	1.2
08:13:12	0.4	1.4	1.2
08:13:13	2.3	-1.5	-2.4
08:13:14	-1.9	1.5	2.9
08:13:15	-0.8	-1.1	-4.1
08:13:16	2	0.4	1.8
08:13:17	0.8	-1.3	-1.4
08:13:18	-3	-0.8	-0.8
08:13:19	0.1	2.1	0.6
08:13:20	0.7	0.4	-7.6
08:13:21	0.4	1.1	1.2
08:13:22	2.3	-1.9	3.8
08:13:23	-2.5	0.3	-0.3
08:13:24	2.2	-1	-2.9
08:13:25	-2.9	2	-1
08:13:26	1.7	-0.8	2.4
08:13:27	-0.8	-0.1	3
08:13:28	3.1	0	-4.5
08:13:29	-1	0.1	-3.8
08:13:30	-0.8	-0.5	2.5
08:13:31	0.2	0.5	1.6
08:13:32	1.3	-2.4	-3.2
08:13:33	-1.8	3.3	0.2
08:13:34	-0.2	-2.8	0.1
08:13:35	-0.5	-0.6	-0.7
08:13:36	-1.1	0.6	-6
08:13:37	2.8	1	2.7
08:13:38	-1.8	-0.3	-6.5
08:13:39	3	2.5	-0.8
08:13:40	-1.8	0.5	1.3
08:13:41	-1.7	-1	-1.7
08:13:42	2.6	-1.1	-0.7
08:13:43	-1.9	-0.2	0.8
08:13:44	0.6	0.1	-0.5
08:13:45	0.4	1.2	-2.2
08:13:46	0.7	-1.2	3.4
08:13:47	-1.9	0.1	-3.2
08:13:48	-1.3	-0.5	0.1
08:13:49	1.3	2.7	-3.3
08:13:50	1.3	-2	5.8
08:13:51	-2.5	1.3	0
08:13:52	2.1	-0.3	-8.3
08:13:53	2.1	1.2	0.3
08:13:54	-2.7	-1	2.3
08:13:55	1.8	-0.4	-7.1
08:13:56	-1.4	-0.9	4.7
08:13:57	1.8	1.1	-0.7
08:13:58	-0.5	-0.7	-4
08:13:59	-0.8	-0.9	1.9
08:14:00	0.5	1.2	-3.5
08:14:01	-0.6	0	3.4
08:14:02	-2.1	-2.7	0.4
08:14:03	2	0.9	-5
08:14:04	-1.8	-1.2	0.8
08:14:05	0.8	-0.8	2.2
08:14:06	0.1	1.9	0.3
08:14:07	2.4	0.7	-0.5
08:14:08	-2.2	0.6	-3
08:14:09	0.3	-1.3	4.9
08:14:10	2.4	1.2	-8
08:14:11	-0.2	1.2	-0.6
08:14:12	-0.3	-1.8	4.5
08:14:13	-1.3	1.7	4.5
08:14:14	-0.4	1.5	-8.9
08:14:15	1.1	-1.7	5.9
08:14:16	-2.1	1.5	-1.2
08:14:17	0.2	-0.5	0.6
08:14:18	0.5	-0.3	-4.4
08:14:19	0.3	0.1	1.3
08:14:20	0.1	2.6	-4.2
08:14:21	0.1	-2.4	-1
08:14:22	0.6	1.5	2.9
08:14:23	-0.3	1.6	-3.6
08:14:24	1.6	-2.6	2.1
08:14:25	-1.3	-0.8	-0.2
08:14:26	0.4	-0.7	-3.3
08:14:27	-0.6	0.3	-3.7
08:14:28	0.2	0.4	4.7
08:14:29	0	-0.3	0
08:14:30	0.9	-1.5	0.8
08:14:31	0.3	1.4	-0.7
08:14:32	-1.8	-0.2	-3.6
08:14:33	1.4	0.2	-1.9
08:14:34	0	-0.3	5.2
08:14:35	-0.8	-0.3	-6
08:14:36	0.6	-0.6	0.2
08:14:37	-0.3	0.3	2.9
08:14:38	-1.3	0.4	0.7
08:14:39	1.7	-0.4	1
08:14:40	-2.8	1.1	-5
08:14:41	1.4	0.4	2.1
08:14:42	2.1	0.3	-3.7
08:14:43	-1.9	-1.6	-0.5
08:14:44	-0.2	-0.1	-0.2
08:14:45	2.7	-0.8	4.1
08:14:46	-2.2	2	-7.3
08:14:47	3.3	-0.3	0.4
08:14:48	0.4	-0.9	-0.2
08:14:49	-2.7	0.3	-1.4
08:14:50	1.2	-1.2	3.1
08:14:51	-1.7	1.6	-5.2
08:14:52	-0.7	-0.7	-0.5
08:14:53	1.7	1.5	-0.4
08:14:54	1.8	0.6	-5.7
08:14:55	0.2	0.4	3.5
08:14:56	1.3	2.1	-9.5
08:14:57	-4	-2.4	2.9
08:14:58	-0.8	0.9	1.7
08:14:59	2.6	0	-4.8
08:15:00	-1.6	-1.2	0.8
08:15:01	-0.1	1.1	0.9
08:15:02	1.2	-0.4	-2.2
08:15:03	0	-0.3	-3
08:15:04	-1.5	-0.1	-0.6
08:15:05	1.1	1.5	-1.6
08:15:06	-2	0.6	-3.5
08:15:07	1.4	-0.8	-2.4
08:15:08	0.6	-0.7	4.9
08:15:09	-1	1.1	-0.4
08:15:10	1.2	0	-2.4
08:15:11	1.6	-2.1	-1
08:15:12	0.6	2.3	-4.4
08:15:13	-2.1	-1.5	-0.5
08:15:14	0	1.6	0.6
08:15:15	-0.5	0.9	-4.4
08:15:16	0.6	0.9	2.8
08:15:17	-1.1	-2.6	0.2
08:15:18	3.1	0.4	-1.9
08:15:19	-3	0.8	0.8
08:15:20	-0.8	0.2	-6.4
08:15:21	1.5	-0.1	6.3
08:15:22	-1.6	0.7	-1.3
08:15:23	-1.8	-0.1	-3.1
08:15:24	2.3	-0.5	1.9
08:15:25	-2.5	-0.7	3.1
08:15:26	1.3	0.5	-4.2
08:15:27	1.2	-0.3	-3.3
08:15:28	-0.8	0.2	1.8
08:15:29	1.1	0.7	2.8
08:15:30	-2.8	1.4	-8.3
08:15:31	0.8	-1.5	1
08:15:32	-0.7	-0.8	-1.6
08:15:33	2.1	-0.5	-3
08:15:34	-0.5	0.4	-1
08:15:35	-0.5	0	5.5
08:15:36	-0.9	-0.3	-3.9
08:15:37	0.1	-1	1.2
08:15:38	-0.2	-0.5	-3.3
08:15:39	1.4	-0.3	-1.7
08:15:40	-0.2	1.1	3.5
08:15:41	-0.8	0.6	-6.7
08:15:42	-0.3	0.8	-1.5
08:15:43	1.8	-0.5	0.7
08:15:44	-4	-0.6	0.3
08:15:45	3	0.4	0.2
08:15:46	0.6	0.3	-4.7
08:15:47	0.3	-0.2	5.3
08:15:48	-2.4	-0.8	-4.6
08:15:49	4.8	-0.6	1.7
08:15:50	-2.6	0.7	-1.3
08:15:51	-1.6	1.4	-3.4
08:15:52	2	-1.7	-2.5
08:15:53	-0.8	3	-0.9
08:15:54	2	-0.9	6
08:15:55	-4.1	-0.7	-3.5
08:15:56	1	2.5	1
08:15:57	1.1	-1.3	-5.7
08:15:58	-0.4	1.3	2.8
08:15:59	1.2	0.6	-2.9
08:16:00	-0.2	-0.8	3.4
08:16:01	-0.8	0	-5.2
08:16:02	3	-1.9	5.3
08:16:03	-1.9	1.1	0.1
08:16:04	-1.4	-0.4	-1.2
08:16:05	0.9	0.8	-1.2
08:16:06	-4.3	-1.5	-0.2
08:16:07	2.8	-0.3	3
08:16:08	-1.1	-0.6	-5.8
08:16:09	1.6	1.1	2.6
08:16:10	-2.8	0.1	-2.2
08:16:11	1.5	0.3	-2.4
08:16:12	1.4	0.4	-3.7
08:16:13	-1.6	1	-1.7
08:16:14	0.4	-1	1.6
08:16:15	-1.4	1.4	5
08:16:16	0.9	-1.4	-6.8
08:16:17	0	-0.4	-0.4
08:16:18	1	-0.4	4.8
08:16:19	-0.5	1.9	-1.3
08:16:20	-2.1	0.2	-3.6
08:16:21	3.2	-1.1	2.1
08:16:22	-0.9	-2.1	-2.3
08:16:23	-0.1	1.2	-1.4
08:16:24	-1.1	-2	2.2
08:16:25	-0.3	1.2	-1.7
08:16:26	-0.3	0.7	2
08:16:27	2.3	-1.3	2.3
08:16:28	-3.5	1.2	-6
08:16:29	1.2	-1.7	-0.5
08:16:30	1.2	-0.6	0.7
08:16:31	1.2	0.6	3.3
08:16:32	-3	-0.1	0.2
08:16:33	3	1.3	-7.6
08:16:34	-0.8	-0.9	4.1
08:16:35	-1.4	1	-3.3
08:16:36	1.8	0.3	0
08:16:37	-1.8	-0.6	1
08:16:38	1.5	2.7	1.2
08:16:39	-0.8	-0.5	-4.4
08:16:40	-1.3	-0.6	-3.1
08:16:41	3	-2.1	3
08:16:42	0.3	1	0.1
08:16:43	0.2	0.8	-5.4
08:16:44	-0.7	-0.2	4.2
08:16:45	-0.5	-0.4	-0.3
08:16:46	2.5	0.2	-3
08:16:47	-3	-0.3	-4
08:16:48	3.1	-1.6	-1.7
08:16:49	-2.6	2	-1.5
08:16:50	-0.3	0.3	0.1
08:16:51	1.7	-0.6	1
08:16:52	1.1	-0.9	-2.9
08:16:53	-2.6	0.2	1.9
08:16:54	2.4	0.7	-0.9
08:16:55	-1.7	0.4	-0.1
08:16:56	0.6	0.5	-1
08:16:57	2	0.3	-3
08:16:58	-1.7	-1.1	0.9
08:16:59	0	1.1	0
08:17:00	-0.5	-2.8	-1.5
08:17:01	1.5	3.4	-3.8
08:17:02	0.9	-2.3	-0.1
08:17:03	-0.2	-0.1	-2
08:17:04	-2.9	1.4	1.2
08:17:05	3.8	-0.2	-2.7
08:17:06	-0.6	-0.3	4.8
08:17:07	0	0.5	0.2
08:17:08	-2.6	1.4	-2.5
08:17:09	3.1	-0.6	-3.7
08:17:10	-3.3	1.5	-1
08:17:11	3.3	-1.8	3.7
08:17:12	2.6	-0.8	4.8
08:17:13	-2.3	0.1	-7.4
08:17:14	1.8	-0.2	-5.8
08:17:15	-3.5	0	2.2
08:17:16	3.6	-0.4	-3
08:17:17	-5.2	1	3.6
08:17:18	4.4	-1.1	-7.6
08:17:19	-1.9	1.6	0.2
08:17:20	2.5	-1.2	0.2
08:17:21	-2.9	2.2	1.7
08:17:22	0.1	1	-3.7
08:17:23	-2.7	0.9	-5.8
08:17:24	3.8	-0.1	3
08:17:25	-0.2	0.7	-4.4
08:17:26	-0.6	0.2	-0.7
08:17:27	0.4	-1.4	1.6
08:17:28	1.4	-0.1	-1.5
08:17:29	-2.8	2.7	-2.7
08:17:30	0.5	-1.2	-1.4
08:17:31	1.4	0.9	5.8
08:17:32	0.1	-1.9	-1.6
08:17:33	-0.1	0.1	-2
08:17:34	-0.9	1.1	-2.6
08:17:35	0.3	-1.6	6.2
08:17:36	0.8	-0.3	-6.4
08:17:37	1.9	1.9	0.2
08:17:38	-0.6	-1.7	3.7
08:17:39	-1.9	0.3	2.8
08:17:40	1.5	1.9	-8.1
08:17:41	-1	-0.9	0
08:17:42	-2	0.2	-0.5
08:17:43	0.8	-0.3	0.1
08:17:44	2.4	-1.3	-6
08:17:45	-1.5	3.7	2.5
08:17:46	0.6	-0.4	-1.8
08:17:47	-0.8	-2.6	-1
08:17:48	1.3	2.1	-3.6
08:17:49	0.8	-0.4	-0.7
08:17:50	-1.1	-1.5	-1.6
08:17:51	0.1	0.4	-0.3
08:17:52	-1	-0.1	-1.4
08:17:53	-1.3	1.2	-2.1
08:17:54	-2	0.1	-6.5
08:17:55	4.5	0.8	6.1
08:17:56	-0.7	0.8	-6
08:17:57	-0.3	-1	3.5
08:17:58	-0.6	-0.8	-4.9
08:17:59	1	1.1	0.1
08:18:00	0.5	-2.8	2.8
08:18:01	0.8	0.2	-3
08:18:02	-2.6	0.5	-5.1
08:18:03	4.3	-0.3	6.1
08:18:04	-1.4	0.1	-3.5
08:18:05	-0.2	-0.3	-2.8
08:18:06	1	-0.1	1.1
08:18:07	1.3	0	3.3
08:18:08	-2	1.1	-2.7
08:18:09	2.2	-0.3	-3.1
08:18:10	0.7	-2.1	-0.1
08:18:11	1.4	0.1	-1
08:18:12	0.3	0.7	-2.9
08:18:13	-1.6	-0.1	3.8
08:18:14	1.4	2	-5
08:18:15	0.6	-2.1	9.4
08:18:16	-2.6	0.9	-3.4
08:18:17	-0.3	-0.5	-1.2
08:18:18	1.3	-0.1	-5.4
08:18:19	0.2	-0.5	4.5
08:18:20	-1.7	0.2	-1.4
08:18:21	0.9	0	-3.7
08:18:22	-0.1	0	1.2
08:18:23	0.9	-1.4	5.4
08:18:24	-0.1	0.5	-1.5
08:18:25	0.2	0	-3.8
08:18:26	3	1.9	-2.8
08:18:27	-2.1	-1.1	5.5
08:18:28	-0.5	0.4	-5.2
08:18:29	-0.2	0.1	-0.1
08:18:30	1.3	0	-1.9
08:18:31	-0.5	0	2.7
08:18:32	-1.2	1	-10
08:18:33	1.9	-1.6	4.4
08:18:34	-0.4	1.2	-8.4
08:18:35	-2	-0.6	4.2
08:18:36	2.4	-1.6	-7.5
08:18:37	-0.6	1.3	2.4
08:18:38	-0.4	1	-1.8
08:18:39	-1	-0.3	-0.8
08:18:40	0	0.2	-3.2
08:18:41	1.7	-1.4	4.5
08:18:42	-3.1	0.7	-3.3
08:18:43	0.6	1.3	-3.1
08:18:44	1.8	-0.9	3
08:18:45	-1	-1.2	-1.6
08:18:46	1.3	1.5	1.5
08:18:47	-0.8	-0.2	-1.2
08:18:48	0.9	-0.7	-6.2
08:18:49	-1.2	0.5	5.5
08:18:50	-2.5	-0.4	-4.6
08:18:51	-1.3	0.8	-2.1
08:18:52	1.7	-0.8	7
08:18:53	-2.2	-0.1	-6
08:18:54	4.8	-1.1	3.3
08:18:55	-2.6	1.6	-10.2
08:18:56	3.3	1.1	6.2
08:18:57	-1.3	0.3	1.9
08:18:58	-2.1	0.8	-9.4
08:18:59	1.2	-0.3	5.8
08:19:00	-2.1	1.7	-1.4
08:19:01	1	-0.4	-3.4
08:19:02	-3	-0.3	0.4
08:19:03	1.8	1.8	1.7
08:19:04	1.9	-0.9	-5.3
08:19:05	1	-2.5	0.9
08:19:06	1.8	1.1	0.5
08:19:07	-3.3	-1	-1.4
08:19:08	0.4	2.4	0.1
08:19:09	3.4	-1.7	3.8
08:19:10	-4.8	1.8	-3.2
08:19:11	1.7	-2.7	-4.1
08:19:12	-0.8	1	1.6
08:19:13	-0.3	-1.4	-5
08:19:14	2.7	0.6	1.5
08:19:15	-0.7	-0.5	-8.4
08:19:16	-1.3	-0.2	3
08:19:17	-2.2	1	-2.9
08:19:18	0.6	0.5	-1.8
08:19:19	1.5	-2.3	7.6
08:19:20	-2.1	0.7	-4
08:19:21	-0.6	-0.4	-0.3
08:19:22	-0.7	-0.5	1.1
08:19:23	3.7	0.7	-0.1
08:19:24	-1.9	2.7	0.2
08:19:25	-0.8	-1.3	-1.9
08:19:26	2.5	-1.6	1.9
08:19:27	1.9	0.8	-2.3
08:19:28	-2	1.6	0.4
08:19:29	0.4	-0.5	-3
08:19:30	-2.1	-0.2	1.5
08:19:31	0.6	-0.7	-8
08:19:32	0.2	0.1	-0.3
08:19:33	1.7	-1.2	3.4
08:19:34	-2.2	-0.3	-3.1
08:19:35	-2.5	0.7	5.2
08:19:36	1	-1.5	-5.3
08:19:37	0.2	1.4	-1.1
08:19:38	0.6	-0.1	3.6
08:19:39	1.7	-0.2	-2.6
08:19:40	-1.7	-1.1	1
08:19:41	1.3	2.8	-3.3
08:19:42	-2.6	-2	6.2
08:19:43	0.4	0.7	-9.2
08:19:44	0.7	-0.4	0.9
08:19:45	-0.5	-0.9	-4
08:19:46	0.2	1.2	-2.1
08:19:47	1.4	-0.6	-1.2
08:19:48	-1.2	2	4.9
08:19:49	0.6	0.2	-0.9
08:19:50	-2.7	1.2	-3.1
08:19:51	0.9	-0.3	-0.8
08:19:52	0	-2.1	-1.1
08:19:53	0.6	-0.5	3.1
08:19:54	-0.3	-0.3	-1.3
08:19:55	0.9	0.6	-7.3
08:19:56	-0.9	-0.5	2.3
08:19:57	2.2	-1.1	2
08:19:58	-0.8	0.7	-1.5
08:19:59	0.8	-1.6	4
08:20:00	-0.9	1.8	0
08:20:01	0.5	0.7	-4.4
08:20:02	-1.8	0.2	-2.9
08:20:03	3.8	-1.8	-0.8
08:20:04	-4.2	0.5	2.4
08:20:05	0.9	-0.6	-5.4
08:20:06	1.1	0.5	-1
08:20:07	-3.5	0.5	0.3
08:20:08	1.4	1.2	-5
08:20:09	1.9	-1.5	1.1
08:20:10	-0.9	1.8	-2.1
08:20:11	1.9	0	1.8
08:20:12	-0.8	1.1	-6
08:20:13	-4.7	-0.1	3.5
08:20:14	4.2	2.7	0.4
08:20:15	-0.9	-2.3	-1.6
08:20:16	-1.5	0	0.4
08:20:17	4.2	1.5	3
08:20:18	-3.1	1.4	-5.3
08:20:19	-0.6	-2.2	1.5
08:20:20	2.1	0.2	-3.7
08:20:21	-4.4	0.2	4.8
08:20:22	-0.3	0.1	-5.6
08:20:23	0.1	0.4	-0.7
08:20:24	-1.4	2	1.8
08:20:25	2.2	-2.5	-2.1
08:20:26	0.9	1.4	-3
08:20:27	-2.7	-1.1	1.9
08:20:28	1.1	0.2	-0.7
08:20:29	-0.3	0.4	-1.1
08:20:30	1.6	-1.6	-0.2
08:20:31	1.4	1	4.3
08:20:32	-3.3	0.2	-7
08:20:33	-4.3	0.5	-1.8
08:20:34	5.6	1.2	3.8
08:20:35	-0.6	0	0.5
08:20:36	-3.5	-1.8	1.5
08:20:37	-1.3	2.7	-2.2
08:20:38	4.1	-0.4	-5.7
08:20:39	0.2	-0.7	-0.2
08:20:40	1.2	-1.2	4
08:20:41	-0.2	0.4	-0.6
08:20:42	-3.2	0.4	2.9
08:20:43	0.2	-2.1	-1.2
08:20:44	0.9	2	-2.3
08:20:45	1.6	-0.1	-2.8
08:20:46	0.6	-0.8	2.7
08:20:47	-0.3	0.8	-4.4
08:20:48	-0.9	-2.1	0.6
08:20:49	-0.1	2.9	-4.4
08:20:50	-1.4	-1.3	1.9
08:20:51	1.2	1.2	-2.6
08:20:52	-1.2	-0.9	-1.5
08:20:53	3.2	0.9	1.7
08:20:54	-1.6	0	-4.1
08:20:55	1.6	-1.5	1.4
08:20:56	-0.9	2.3	-0.5
08:20:57	3	-0.4	1.2
08:20:58	-2.2	0.7	-3.3
08:20:59	0.5	-0.6	3.2
08:21:00	-1.4	-0.3	-3.6
08:21:01	2.4	1	-3.5
08:21:02	-1.7	-0.2	-1
08:21:03	2.3	-2.1	1.7
08:21:04	-2.5	1.3	0
08:21:05	1.3	-0.2	-3.2
08:21:06	-0.8	-0.7	4.2
08:21:07	-1.9	1.7	-2.8
08:21:08	-1.2	-0.5	3.4
08:21:09	3.6	0	-3.5
08:21:10	-1	-1.8	-1.3
08:21:11	-3	1.2	-0.8
08:21:12	1.8	-0.5	-2.1
08:21:13	0.2	1.3	-3.1
08:21:14	-0.8	0.7	-1.4
08:21:15	1.3	-0.9	0.4
08:21:16	-1.2	0	1.9
08:21:17	1.4	0.7	-0.9
08:21:18	-0.4	-0.4	-3.1
08:21:19	-2.7	-0.3	-0.7
08:21:20	0.7	1.9	0.3
08:21:21	1.7	-1.3	0.2
08:21:22	0.7	-0.7	-1.2
08:21:23	-2.8	1.4	-0.5
08:21:24	1	-1.2	1.5
08:21:25	1.5	1.5	-4.1
08:21:26	-1.1	0.2	1.8
08:21:27	-1	-1.9	-4.3
08:21:28	-1.7	0.8	2.4
08:21:29	5.1	-0.2	0.7
08:21:30	-1.3	-0.1	-0.2
08:21:31	-2.1	0.2	-5.3
08:21:32	0.8	0.1	1.1
08:21:33	2.5	0.5	-2.5
08:21:34	-0.4	1.8	-0.4
08:21:35	-0.2	-0.9	-3.1
08:21:36	-1.2	0.2	0
08:21:37	1.4	-1.5	-1.9
08:21:38	-0.5	1.4	1.3
08:21:39	-2.1	0.9	-5.6
08:21:40	-0.8	-0.4	0
08:21:41	0.8	0.5	1.6
08:21:42	-1.9	-3.3	-1.8
08:21:43	4.5	1.5	-2.9
08:21:44	-3	-0.4	-2.6
08:21:45	2.3	0.5	5.3
08:21:46	-1.1	-0.6	-0.7
08:21:47	2.1	-1.2	0.7
08:21:48	-3.7	1.8	-5
08:21:49	1.3	2.7	-3
08:21:50	-0.2	-1.1	4
08:21:51	-0.5	0.8	2.3
08:21:52	0.6	-2.4	-0.3
08:21:53	-0.7	1.7	-1.8
08:21:54	-0.7	-0.5	-1.4
08:21:55	1.5	0.2	-1.1
08:21:56	1.4	0	-3.4
08:21:57	-0.2	0.4	0.7
08:21:58	1.2	0.4	0.3
08:21:59	-1.3	0.5	-4.2
08:22:00	0.8	-1.1	1.7
08:22:01	1.6	-0.1	1.4
08:22:02	-0.3	0.4	-3.8
08:22:03	-1.1	0	1.8
08:22:04	-0.4	0	3.1
08:22:05	1.6	0.9	-3
08:22:06	-0.4	-2.3	1.8
08:22:07	0.7	1.5	-0.1
08:22:08	0.7	-0.4	-6.1
08:22:09	1.3	1.2	0.6
08:22:10	-2	0.6	-2.9
08:22:11	-1.6	-1.4	-2.2
08:22:12	0.1	-1.5	-1.5
08:22:13	1.8	0.8	2
08:22:14	1.5	0.5	-2.4
08:22:15	-0.7	-1.3	-3.2
08:22:16	0.1	0.9	5.7
08:22:17	-1.3	0.7	-3.6
08:22:18	3.4	-0.3	-3.2
08:22:19	-3.1	1.7	3.8
08:22:20	0.4	-0.6	-2.6
08:22:21	-0.1	0.2	-0.6
08:22:22	1.2	-1.1	-5
08:22:23	0	2.7	-0.2
08:22:24	-0.2	-1.1	-0.5
08:22:25	1.9	0.5	0.9
08:22:26	-2.2	0.1	-4.5
08:22:27	1.5	-0.4	2.9
08:22:28	-0.9	0.7	-3.9
08:22:29	-0.8	0.9	2
08:22:30	0.9	0.5	2.2
08:22:31	-1	-0.2	-4.8
08:22:32	-0.7	0.1	1.7
08:22:33	-0.4	-1.8	-0.7
08:22:34	0.4	0.5	-2.9
08:22:35	1.8	1.5	0.3
08:22:36	-1.3	-0.8	-1.5
08:22:37	-0.1	-0.9	2.1
08:22:38	-1.3	0.1	0.8
08:22:39	2.6	-0.2	-3.2
08:22:40	-2.3	1.5	0
08:22:41	1.9	-1.3	-1.3
08:22:42	0.8	0.3	-0.8
08:22:43	-0.9	0.7	-1.5
08:22:44	-1.6	-1.5	1.3
08:22:45	2.6	2.1	-2
08:22:46	-1.1	0.5	-3.3
08:22:47	1.4	0	2.8
08:22:48	1.3	-0.7	-0.2
08:22:49	-2.5	-1.2	-5.5
08:22:50	1	-0.5	1.3
08:22:51	-1.5	2	1.4
08:22:52	3.4	0.4	-6.2
08:22:53	-3.1	-2.8	-0.2
08:22:54	0.9	1	-2.8
08:22:55	0.6	0.9	-3
08:22:56	0.4	-1.1	1.7
08:22:57	-0.3	1.4	-1.6
08:22:58	1	-0.8	-0.8
08:22:59	0.8	1.2	-3.9
08:23:00	-2.5	-0.5	0.5
08:23:01	0.4	0.7	-1.7
08:23:02	-1	-0.9	-1.4
08:23:03	2.9	-2.7	-1.4
08:23:04	0.5	2.3	2.6
08:23:05	-1.4	-1.7	0.3
08:23:06	0.8	-0.1	0.1
08:23:07	0.6	-1.1	-6.2
08:23:08	2.4	-0.1	0
08:23:09	-4.5	0.5	1.9
08:23:10	0.3	0	-2.3
08:23:11	-0.5	-0.4	2.2
08:23:12	-0.3	1.1	-1.9
08:23:13	2.3	-1.4	-1.8
08:23:14	-0.2	3	-4.9
08:23:15	-1.1	-1.2	0.3
08:23:16	-1.8	0.2	0.7
08:23:17	2.1	-1.2	3.7
08:23:18	-1.2	0.5	-3.8
08:23:19	0.3	1.6	-0.3
08:23:20	0.1	-1.5	-1.3
08:23:21	0.2	1.2	-4.2
08:23:22	-0.3	-1.3	3.9
08:23:23	0.2	0.4	-3.8
08:23:24	-1.6	-0.6	0.5
08:23:25	2.8	-1.2	-0.3
08:23:26	-1.2	0.5	0.7
08:23:27	0.7	-0.5	-3.5
08:23:28	-1.4	1	-0.6
08:23:29	0.3	1.6	1
08:23:30	-0.8	-1.6	-2.1
08:23:31	2.9	-0.1	-2.2
08:23:32	-1.9	1.2	-0.3
08:23:33	2.4	0	0.1
08:23:34	1.1	-0.3	-0.8
08:23:35	0.5	-1.1	-2.1
08:23:36	-2	1.7	0.8
08:23:37	-0.9	-0.1	-0.1
08:23:38	1.9	-0.9	-1.5
08:23:39	0.1	1.5	-0.2
08:23:40	-1.3	-1.5	-2.6
08:23:41	1.2	-0.5	-3.8
08:23:42	1.2	0.8	-0.8
08:23:43	-1.7	-1.5	1.8
08:23:44	0.6	0.3	-0.9
08:23:45	0.2	0.3	-1.2
08:23:46	-1.3	0.3	-1.2
08:23:47	2.3	-1.6	-3.3
08:23:48	1.5	0.4	2.1
08:23:49	-0.1	-0.1	-0.3
08:23:50	-2.5	2	2
08:23:51	-0.2	1.2	-2.5
08:23:52	1.6	-1.8	-4.7
08:23:53	1.6	1.3	1
08:23:54	-1.1	-2.4	-3.5
08:23:55	0.3	1.1	3.4
08:23:56	-1.6	-1.8	-2.5
08:23:57	1.9	0.4	1.1
08:23:58	-2.4	-0.7	-1.4
08:23:59	0.2	1	0.6
08:24:00	1.6	0.7	3.7
08:24:01	-0.7	-0.4	-0.1
08:24:02	-0.7	1.5	-2.1
08:24:03	-1.8	-3.4	-3.8
08:24:04	2.6	2.6	2.1
08:24:05	-2.1	-2.3	-3.9
08:24:06	2	1.9	2.6
08:24:07	0.6	-0.3	5.9
08:24:08	-0.5	-1.4	-5.6
08:24:09	0	0.2	-0.8
08:24:10	2.7	0.6	0.4
08:24:11	1.6	1	-7.3
08:24:12	-1	-0.6	2.7
08:24:13	-0.4	1.8	-1.6
08:24:14	-1.3	-2.1	1.2
08:24:15	1	1.2	-3.3
08:24:16	0.2	-2.1	-1
08:24:17	1.1	2.9	-3.1
08:24:18	-3	-2.7	0.2
08:24:19	1	2.1	2.9
08:24:20	-0.1	-0.8	-4.9
08:24:21	0.1	1.3	0.4
08:24:22	1.3	-0.7	0.3
08:24:23	0.3	-0.2	-0.3
08:24:24	-0.9	-0.9	3
08:24:25	0.3	1.2	-5.5
08:24:26	0.9	0.2	4.1
08:24:27	2.6	-2	-1
08:24:28	-1.3	2.2	-5.2
08:24:29	-2	-0.2	3
08:24:30	-0.7	2.1	-6.1
08:24:31	2.7	-0.8	1.4
08:24:32	0.3	-0.1	-3.1
08:24:33	-4.3	1.5	-4.6
08:24:34	1.7	-0.1	-0.4
08:24:35	-0.5	-0.6	0.8
08:24:36	0.2	1.6	-0.7
08:24:37	-0.9	-0.4	-0.4
08:24:38	2.3	-0.5	-4.3
08:24:39	-1.3	0.9	-0.9
08:24:40	1.1	0.2	2.2
08:24:41	0.1	-1.7	-1.8
08:24:42	-2.5	2.6	-0.6
08:24:43	0.6	0.8	-4.7
08:24:44	1	-0.4	-4.6
08:24:45	-0.2	-0.2	-1.7
08:24:46	0.7	-0.3	2.9
08:24:47	0.8	1.3	2.6
08:24:48	-1.7	-1.2	-4.7
08:24:49	0.6	-0.5	2.1
08:24:50	-2.7	1.1	-3.4
08:24:51	2	0.4	-3.3
08:24:52	-1.8	1.6	3.3
08:24:53	-1.1	-3	-0.5
08:24:54	0.5	-0.3	0.9
08:24:55	1.8	0.9	-7.2
08:24:56	0.5	0	2
08:24:57	0.3	-0.3	4.9
08:24:58	-0.5	-2.7	-1
08:24:59	1.5	0	-2.2
08:25:00	-2.1	0.8	-3.1
08:25:01	-0.1	-0.8	0.1
08:25:02	1.2	3	0
08:25:03	-1	-1.3	0
08:25:04	2.2	2.1	0.2
08:25:05	0.5	-1	-6.1
08:25:06	0.7	-1.1	-1.5
08:25:07	-0.3	1.1	2.7
08:25:08	-0.8	-0.6	-4.4
08:25:09	1.8	0.7	2.6
08:25:10	0.6	-0.9	0.6
08:25:11	-1	0.9	-4.7
08:25:12	0.5	-2.6	-2.7
08:25:13	-1.1	0.4	2.5
08:25:14	-2	0.5	1.4
08:25:15	1.1	-0.5	-8.5
08:25:16	-0.1	1.7	3.1
08:25:17	-0.9	-1.1	3.2
08:25:18	0.8	-0.5	-1.1
08:25:19	-1.3	1	-0.3
08:25:20	0.4	-1	-6.2
08:25:21	0.6	0.1	4.5
08:25:22	-0.8	-0.2	-1.6
08:25:23	3.3	-1.9	-1.8
08:25:24	-3.8	-0.2	0.3
08:25:25	0.6	1.3	-3.2
08:25:26	1	-1	1.1
08:25:27	0.8	0.3	1.1
08:25:28	1	-0.9	2.2
08:25:29	-2.1	0.6	-10.2
08:25:30	0.7	0.6	2
08:25:31	1.4	-0.2	2.4
08:25:32	2.9	0.3	-0.6
08:25:33	-3.6	0.3	-2.9
08:25:34	1.7	-0.1	-1.3
08:25:35	-0.1	-0.4	0.5
08:25:36	-0.2	1.2	-6.3
08:25:37	-0.1	-1.9	5.9
08:25:38	-1.9	0.3	-9.3
08:25:39	1.4	0.8	1.5
08:25:40	-0.9	-1.1	2.1
08:25:41	1.4	0.4	-8
08:25:42	0.5	0.1	6.2
08:25:43	-0.5	0.1	-0.1
08:25:44	0.8	2.2	-4
08:25:45	0.5	-1.4	-0.6
08:25:46	0.1	-0.1	-0.8
08:25:47	-0.4	0.7	2.4
08:25:48	-0.5	0.2	-4.5
08:25:49	-0.2	0.1	2.1
08:25:50	-0.5	-0.6	0.1
08:25:51	-0.8	0.9	-3.3
08:25:52	1.1	0.5	-1.6
08:25:53	-0.4	0.1	2
08:25:54	-0.2	0.7	-3.2
08:25:55	-0.9	-1	-0.1
08:25:56	3.8	1.4	3.1
08:25:57	-5.4	0.3	-6.9
08:25:58	4.9	-1.7	0.7
08:25:59	-4	0.9	4.4
08:26:00	2.4	-1.1	-5.3
08:26:01	0.1	-0.7	0.1
08:26:02	0.2	-0.1	1.9
08:26:03	-1.4	1.8	1.5
08:26:04	0.1	0.7	-7.3
08:26:05	0.1	-1.4	-4.6
08:26:06	0	0.6	2.2
08:26:07	1.7	-1.6	2.5
08:26:08	-0.1	0.1	-1.3
08:26:09	-2.5	-0.5	1.8
08:26:10	2.7	0.4	-3.6
08:26:11	-0.8	0	1.4
08:26:12	1.6	-1.6	-0.3
08:26:13	-0.6	0.7	2.8
08:26:14	0.9	-1.1	-3.5
08:26:15	-2	1	1
08:26:16	0.1	1.7	-0.6
08:26:17	0.3	0.5	-3
08:26:18	-0.3	-1.2	-2
08:26:19	2.4	-0.2	1
08:26:20	-2.1	-0.3	1.6
08:26:21	0.2	0.2	-1.7
08:26:22	0.8	0.7	-2
08:26:23	-1.1	-0.9	1.4
08:26:24	-1.2	0.5	-4.3
08:26:25	0.9	-0.6	-2.6
08:26:26	1.2	1	1.9
08:26:27	-0.2	1.3	-0.3
08:26:28	0.5	-4.1	1.6
08:26:29	-0.8	2.8	-0.7
08:26:30	4.7	0	-0.3
08:26:31	-3.2	-1.8	2.7
08:26:32	1.8	2.1	-3.7
08:26:33	-1.1	-1.3	0.2
08:26:34	0.2	1.2	-4.6
08:26:35	-0.4	1.4	1.3
08:26:36	-1	-2.7	-0.5
08:26:37	1	1	-5.4
08:26:38	-0.8	-0.2	9.6
08:26:39	0.1	1.6	-6.3
08:26:40	-3	1.9	1.2
08:26:41	4.2	-1.4	-2.9
08:26:42	-5	2.2	-1.6
08:26:43	0.9	-1.1	3.1
08:26:44	0.3	-0.7	-8.5
08:26:45	1.8	-1.6	7.1
08:26:46	-1	0.2	-2.7
08:26:47	0	0.5	-6
08:26:48	-1.3	-0.4	3.1
08:26:49	2	0.1	1.1
08:26:50	-3.4	1.8	-1.3
08:26:51	2	-0.1	-6
08:26:52	0.4	-0.9	5
08:26:53	0.3	0.9	-2.7
08:26:54	-1.2	-1.8	4.7
08:26:55	-0.2	0.9	-1.7
08:26:56	-0.6	0.2	-1.9
08:26:57	1.8	0.4	-2.6
08:26:58	-0.3	-0.6	-0.5
08:26:59	-0.9	2	1.6
08:27:00	0.7	-1.8	-4.9
08:27:01	-1.3	0.4	4.3
08:27:02	-1	-0.5	-0.2
08:27:03	1	-1.8	-0.7
08:27:04	1.2	1.4	-0.3
08:27:05	-1.6	1.1	1.5
08:27:06	1.6	-1.6	-0.6
08:27:07	1.1	1.7	-5.7
08:27:08	-0.6	-0.8	2
08:27:09	-0.8	0.4	-4.7
08:27:10	0.3	-0.9	-2.4
08:27:11	0	-0.8	-0.8
08:27:12	1.9	1.2	-3.4
08:27:13	-0.6	1.1	3.3
08:27:14	-0.9	0.3	-3.6
08:27:15	0.7	0.2	-1.1
08:27:16	-0.5	1.3	-7.3
08:27:17	1.1	-0.7	7.2
08:27:18	-1.4	-0.8	-3.9
08:27:19	1.7	0.2	0.3
08:27:20	0.9	-0.6	-3.8
08:27:21	-0.5	1.2	-0.7
08:27:22	-1.1	-0.1	2
08:27:23	-0.4	-0.5	-2.7
08:27:24	-0.1	-0.6	-2.7
08:27:25	3.5	0.1	4.2
08:27:26	-2.5	-1.2	0.9
08:27:27	0	-0.2	-3.3
08:27:28	-0.4	1	1.9
08:27:29	1.1	-0.5	-2.4
08:27:30	-2.4	0.5	1.1
08:27:31	2.9	0.2	-5.2
08:27:32	2	-1.3	5.2
08:27:33	-1.4	-0.2	-4
08:27:34	-0.2	0	0.9
08:27:35	1.2	1.4	-0.4
08:27:36	-1.6	-4.1	-0.4
08:27:37	0.6	1.2	-0.2
08:27:38	-1.7	1.6	-1.7
08:27:39	2.3	-0.6	-0.6
08:27:40	-2.2	-2.8	0.6
08:27:41	1.3	0.6	0.1
08:27:42	2.3	1	-3.7
08:27:43	-4.1	0.3	-3.7
08:27:44	0.8	1.1	6.8
08:27:45	-2.6	-0.6	-7.7
08:27:46	2.9	0.1	7.7
08:27:47	-0.4	0.4	-6.4
08:27:48	0.1	0	2.1
08:27:49	0.8	0.4	-1.6
08:27:50	-1.1	-0.5	1.8
08:27:51	3.4	0.8	-5.2
08:27:52	-1.4	-0.6	-1
08:27:53	1.6	2	-1.3
08:27:54	-1.8	0.6	0.1
08:27:55	1.6	-0.3	-3
08:27:56	-0.1	-1	2.3
08:27:57	-0.8	0.7	-1.7
08:27:58	1	0.2	-1.9
08:27:59	-1.5	1.8	-0.9
08:28:00	1.6	0.3	4
08:28:01	-1.7	0.5	-1.9
08:28:02	0.6	0.3	-2.3
08:28:03	-2.2	0	2.9
08:28:04	0.9	1.6	-4.2
08:28:05	1.7	-0.5	3.4
08:28:06	-2.6	-1.2	-2.9
08:28:07	1.7	0	-1.2
08:28:08	-1.3	0	-1
08:28:09	1.3	1.7	2
08:28:10	-0.5	-1.2	-0.6
08:28:11	-3	0.1	-5.6
08:28:12	2.4	1.2	2.2
08:28:13	-2.2	0	-5.1
08:28:14	2.2	-1.1	3.5
08:28:15	0.1	-0.3	1.3
08:28:16	-1.8	-1.6	-1.5
08:28:17	-0.4	-0.4	2.1
08:28:18	-0.1	2.6	0
08:28:19	1.7	-0.3	-2.4
08:28:20	-2.3	-1	-1.6
08:28:21	2.4	0.8	1.2
08:28:22	-1.3	0.7	-3.6
08:28:23	-1.5	-0.6	2.7
08:28:24	-0.3	0.6	2.7
08:28:25	3.4	-1.2	-5.1
08:28:26	1.1	0.5	-1
08:28:27	-3.3	1.3	-4.6
08:28:28	0.8	-0.2	6.7
08:28:29	1.2	-0.6	-7.4
08:28:30	0.3	-0.5	-0.8
08:28:31	0.9	0.2	0.1
08:28:32	-1.1	1.8	-2
08:28:33	0.9	0.5	3.1
08:28:34	-1.3	1.2	2
08:28:35	2.5	-3.1	-8
08:28:36	-3.6	1.7	5.7
08:28:37	1.7	-0.6	-1.1
08:28:38	0.7	1.7	1.5
08:28:39	-0.8	-2	-6
08:28:40	-1.9	2.2	4
08:28:41	2.2	-1.7	-0.1
08:28:42	0.5	0.2	0.1
08:28:43	-2.7	-0.5	-2.5
08:28:44	4.2	-2.1	-1.3
08:28:45	-1.9	1.9	-2.3
08:28:46	-0.5	-1.4	-0.6
08:28:47	2	0.3	-1.4
08:28:48	-0.3	-0.5	-4.5
08:28:49	0.2	0.7	3
08:28:50	-0.6	1.9	-0.3
08:28:51	-2.3	-0.8	-3.1
08:28:52	-0.1	-1.3	3.3
08:28:53	2.5	0	0.1
08:28:54	-0.8	2.5	-6.4
08:28:55	-2.9	-1.3	0.8
08:28:56	1.9	-0.7	0.5
08:28:57	-0.3	0.7	-0.3
08:28:58	0.1	-2.2	-4
08:28:59	-1.5	0.9	-1.3
08:29:00	1.8	-0.1	-1.1
08:29:01	-0.8	0.1	-4.5
08:29:02	0.5	0	3.1
08:29:03	-2.3	2.4	-2.3
08:29:04	1.3	-0.7	-3.6
08:29:05	-0.8	0.8	3.7
08:29:06	1.8	-0.7	-0.8
08:29:07	-0.2	-0.1	-2.4
08:29:08	-1.3	-0.2	3.7
08:29:09	-0.9	1.6	-9.4
08:29:10	1.3	-1.5	1
08:29:11	-0.8	-1.6	1.8
08:29:12	-0.3	1.1	-1.3
08:29:13	1.2	-0.9	-3
08:29:14	0.4	1	4
08:29:15	1.1	0.9	-5.6
08:29:16	-1.8	0.4	1.2
08:29:17	-0.4	0.3	-0.5
08:29:18	0.5	-1.9	-3.4
08:29:19	0.6	-0.2	1.7
08:29:20	-2.1	-0.3	-0.4
08:29:21	1	1.9	-1.1
08:29:22	-0.3	0.7	-6.1
08:29:23	-1.1	1	2.8
08:29:24	-0.2	-2.2	0.6
08:29:25	0.1	2.2	-4.6
08:29:26	0.5	-2.9	1.7
08:29:27	0.7	0.1	-2.7
08:29:28	-2.2	-2.4	4.4
08:29:29	0.8	2.6	-3.2
08:29:30	0.4	0.9	0.3
08:29:31	-0.5	-1.1	-1
08:29:32	-1.6	2.4	1.5
08:29:33	0.1	-1.4	-3.8
08:29:34	1.7	0.3	1.3
08:29:35	-0.7	0.5	-1.5
08:29:36	0.4	-0.9	-4.4
08:29:37	-1.2	-0.8	1
08:29:38	1.2	1	-3.6
08:29:39	2	-0.8	-1.4
08:29:40	0	0.4	-0.7
08:29:41	-4.3	0.2	0.3
08:29:42	-0.6	0.6	-1.1
08:29:43	1.2	-0.3	1.9
08:29:44	-0.5	-2.2	-0.5
08:29:45	1.3	0.3	-3.3
08:29:46	-1.7	-0.8	-2.1
08:29:47	-1.2	1.8	1.7
08:29:48	-0.2	0.3	-0.9
08:29:49	2.4	0.2	2.3
08:29:50	-2	0.8	-4.2
08:29:51	0.5	-2	1.4
08:29:52	-2.9	2.1	-6.8
08:29:53	3.3	-2	1.7
08:29:54	0.3	-0.3	1.7
08:29:55	0.6	0.4	-1.8
08:29:56	0.5	-0.5	-0.2
08:29:57	-1.8	1	-3.6
08:29:58	2.4	0.6	3.6
08:29:59	-2.6	0.7	-2.9
08:30:00	2.4	-0.8	-4.3
08:30:01	0.4	-1.9	0.3
08:30:02	0.7	1.2	-3
08:30:03	-1	-0.2	0.4
08:30:04	-1.9	-0.5	-1.6
08:30:05	0.8	0.4	-4.8
08:30:06	-0.6	-2.2	1.8
08:30:07	-0.3	1.3	-1.5
08:30:08	1.2	2.4	-1.2
08:30:09	1.8	-1.4	-0.6
08:30:10	-4.5	-0.9	4.1
08:30:11	0.5	-0.7	-8.1
08:30:12	0.7	0.2	2.8
08:30:13	1.6	2	-1.7
08:30:14	-0.8	-2.8	1.3
08:30:15	-0.4	0.3	-1.5
08:30:16	1.9	-1.1	1.9
08:30:17	0.3	0.3	-1.2
08:30:18	0.2	-0.4	-1.5
08:30:19	-2.9	3.6	-5.5
08:30:20	1.4	-2.7	2.3
08:30:21	-0.7	1.7	-4.2
08:30:22	2.2	-2	3
08:30:23	-1.5	2.2	-0.9
08:30:24	2	-2.4	-0.8
08:30:25	-0.4	0.7	-5.4
08:30:26	-0.3	0.6	7.3
08:30:27	0.4	0.3	-1.8
08:30:28	-0.6	-1.2	0.1
08:30:29	-3.3	0.6	-3.9
08:30:30	-1.8	0	-2.5
08:30:31	2.9	2	-3.9
08:30:32	0.8	-3.8	-0.7
08:30:33	-0.9	2.5	0.9
08:30:34	-2.2	-2.4	-1.1
08:30:35	1.3	0.4	2.5
08:30:36	-0.5	2.9	-5.2
08:30:37	0.4	-1.1	-0.5
08:30:38	-1.5	0.2	0.3
08:30:39	3.6	-0.6	3.2
08:30:40	1.2	0.4	-4
08:30:41	-0.1	0.5	5.1
08:30:42	-2.7	-0.9	-8
08:30:43	1.7	2.5	3.7
08:30:44	0.8	-0.3	-1.3
08:30:45	-2.7	-2.7	2.1
08:30:46	0.5	1.4	-1.8
08:30:47	0.3	0.5	-5.5
08:30:48	0.9	-1.5	-1.5
08:30:49	-0.7	1.7	3.9
08:30:50	-1.6	-2.6	-1.3
08:30:51	1.4	2.1	-2.3
08:30:52	0.6	1.5	-1.1
08:30:53	1.2	-2.2	-1.9
08:30:54	0.4	2.1	-2.7
08:30:55	-2.2	0.7	-5.7
08:30:56	2	-0.3	0.6
08:30:57	0.6	-1.3	-3.7
08:30:58	0	2.5	4.7
08:30:59	-1	-2.7	-1.8
08:31:00	1.9	2.9	5
08:31:01	1	-0.1	-3.1
08:31:02	-2.1	-0.1	-3.8
08:31:03	-0.5	1.1	1.1
08:31:04	-1.4	0.2	-5.8
08:31:05	1.9	0.4	1.5
08:31:06	0.7	-1.4	0
08:31:07	-0.8	-0.7	0.5
08:31:08	0.2	0.1	-5
08:31:09	0.2	0.1	3.7
08:31:10	2	-1.2	0.4
08:31:11	-0.8	1.6	-1.5
08:31:12	-2.3	-0.4	-4.4
08:31:13	0	0	6.6
08:31:14	3	0	-4.3
08:31:15	-2.9	0.2	0.5
08:31:16	1.2	-0.2	-3.7
08:31:17	-3.8	-0.7	4
08:31:18	2	1.9	0.2
08:31:19	-1.5	-2.4	-8.7
08:31:20	2.4	2.5	-0.2
08:31:21	-0.8	-1.3	-2.6
08:31:22	-1.2	0	-0.5
08:31:23	2.2	0.2	3.9
08:31:24	0.3	-2.7	-2.2
08:31:25	-0.8	3.9	-2.7
08:31:26	1.3	-2.4	-5.3
08:31:27	-1.3	0.2	1.3
08:31:28	-1.1	1.9	-0.1
08:31:29	1.9	-1.3	0.5
08:31:30	0.7	1.3	-3.3
08:31:31	-2.7	-0.3	-4.5
08:31:32	0	0.6	1.6
08:31:33	0.2	-3.2	-3.1
08:31:34	0.5	1.7	-1.7
08:31:35	3.6	-1.3	4.4
08:31:36	-2.6	2.1	-3.8
08:31:37	-1.1	1	-0.5
08:31:38	0.3	0.9	-3.1
08:31:39	-0.6	1.8	-0.4
08:31:40	1.2	-1.8	-2.1
08:31:41	0.8	0.1	5.8
08:31:42	-2.4	1.2	-8.1
08:31:43	1.2	-0.6	4.9
08:31:44	-0.1	-2.2	-4
08:31:45	3	1.9	-3.7
08:31:46	1.1	-0.9	-0.8
08:31:47	-2.9	1.5	-5.2
08:31:48	-0.4	-2	5.6
08:31:49	0.6	-0.1	-8.6
08:31:50	0.2	1.3	2.8
08:31:51	-0.6	-0.8	-3.6
08:31:52	2.9	0.5	2.6
08:31:53	1.6	0.6	-2.1
08:31:54	-2.9	0.9	2.3
08:31:55	-0.2	-1.1	-8.2
08:31:56	1.8	-0.8	7.4
08:31:57	0	1.3	-2.1
08:31:58	0.9	-1.4	-1.3
08:31:59	1.5	-1.6	2
08:32:00	-0.8	1.4	-0.1
08:32:01	-0.9	0.3	-5.1
08:32:02	1.2	0.6	-2.4
08:32:03	-0.3	-0.7	-1.7
08:32:04	-1.7	-0.9	2
08:32:05	3	1.9	0.4
08:32:06	1.5	-4.3	-6.2
08:32:07	-1.8	2.6	5.2
08:32:08	-1.5	0.2	-1.3
08:32:09	1.7	-0.9	-2.5
08:32:10	-0.3	-0.1	0.1
08:32:11	1.1	1	5.5
08:32:12	1.4	1.2	-4.6
08:32:13	-2.9	0	1.7
08:32:14	-1.3	-2.9	-2.4
08:32:15	0	-1.7	-7.8
08:32:16	-2.1	3.2	3
08:32:17	-0.1	-1	-0.3
08:32:18	0.8	1.4	-7.5
08:32:19	4	-0.7	-0.4
08:32:20	-3.5	-0.9	3.5
08:32:21	-2.4	-1.5	-6.4
08:32:22	0.7	0.9	3.8
08:32:23	2.1	1	-3.5
08:32:24	-1.1	-0.3	1.7
08:32:25	0.5	1.1	0
08:32:26	-0.5	-1.6	3
08:32:27	1.8	1.7	-2.6
08:32:28	0.1	-1.8	-2.1
08:32:29	-1	2.1	-3.6
08:32:30	1.2	-1.2	-2.8
08:32:31	-2.7	-0.4	-1.8
08:32:32	1.3	0.7	-2.5
08:32:33	-0.5	0.2	5.2
08:32:34	-0.3	-1.5	-3.2
08:32:35	2.3	1.9	-3.3
08:32:36	-1.5	-0.2	-1.7
08:32:37	1.6	-1	3
08:32:38	-2.9	0	-3
08:32:39	1.9	0.1	-3.2
08:32:40	-0.6	-1	-2.4
08:32:41	1.1	2.3	-2.1
08:32:42	-1.3	0.4	-1.4
08:32:43	1.3	-0.2	-3.1
08:32:44	-0.1	-0.2	-1.7
08:32:45	1	-1.2	-0.7
08:32:46	-0.2	-0.5	2.7
08:32:47	0.1	1.7	1.1
08:32:48	2.1	-0.8	-0.4
08:32:49	-3.4	0.7	-3.6
08:32:50	0.8	-0.4	-4.1
08:32:51	0	1.2	-2.2
08:32:52	1.1	-1.2	0.7
08:32:53	1.7	-2	-1.4
08:32:54	-0.9	1.9	1.1
08:32:55	0.3	-1.6	-2.8
08:32:56	-0.2	1.4	-1.8
08:32:57	1.1	-0.5	-5.6
08:32:58	-0.3	0	2.9
08:32:59	-0.7	0.7	1.7
08:33:00	2.9	0.6	-4.2
08:33:01	-3.8	-1	0.2
08:33:02	-0.1	-0.6	2.1
08:33:03	0.2	0.4	-0.8
08:33:04	0.7	0.9	-10.5
08:33:05	-0.2	0.1	1.2
08:33:06	1	-0.1	4.9
08:33:07	0.3	-1.2	-0.4
08:33:08	1.1	0.9	-3.9
08:33:09	0.2	0.9	-4
08:33:10	-0.4	-0.3	-0.2
08:33:11	0.4	-0.9	-2
08:33:12	-1.2	0.5	-3.8
08:33:13	0.6	1.1	-3.5
08:33:14	1.5	1.7	4.3
08:33:15	-1.6	-1.9	0.5
08:33:16	-2.5	0	-7.6
08:33:17	3.4	0.4	2.3
08:33:18	0	1.9	0.2
08:33:19	0.8	-1.9	-0.3
08:33:20	-2.5	2.4	-5.3
08:33:21	0.4	-1	1
08:33:22	1.3	-1.6	-3.7
08:33:23	0.3	1.1	4.7
08:33:24	-2.7	-0.8	-5.3
08:33:25	3.3	-0.6	-0.4
08:33:26	-1.9	0.2	1.6
08:33:27	2.4	0	-2.2
08:33:28	1.3	0.7	-1.8
08:33:29	0.4	-0.2	4.4
08:33:30	-1.7	1.2	-6.8
08:33:31	-0.4	-0.3	-0.2
08:33:32	-1.2	-0.8	-8
08:33:33	-0.1	1.3	2.8
08:33:34	-0.8	-0.1	-4.3
08:33:35	1.8	-2.2	0.6
08:33:36	2.1	1.2	2.5
08:33:37	-2.4	-0.9	0
08:33:38	1.7	1.4	-0.3
08:33:39	-0.3	-0.2	-1.4
08:33:40	-1.2	-0.5	1
08:33:41	-2	0.9	1.4
08:33:42	2.4	-0.7	5.2
08:33:43	-1.1	0.3	-7
08:33:44	-0.1	1.1	-0.2
08:33:45	-1.4	-1	-6.2
08:33:46	1.9	-0.6	-2.9
08:33:47	0.2	0.2	-0.1
08:33:48	-1.2	-1.1	8.5
08:33:49	1.8	2.6	-2.8
08:33:50	-0.6	-2.1	-2.4
08:33:51	-1.8	-0.2	-6.8
08:33:52	0.5	0.6	10.7
08:33:53	0.8	-0.2	-12.3
08:33:54	0.2	-0.6	3.3
08:33:55	-2.2	0.5	0.6
08:33:56	-0.7	0.9	-0.2
08:33:57	-2.2	-1	-6
08:33:58	2.1	-2.5	-1.5
08:33:59	1.8	2.6	5.5
08:34:00	-1.6	-1.5	-3.5
08:34:01	1.4	1.1	-0.9
08:34:02	-2.8	-0.6	-1.8
08:34:03	1.6	-0.4	-0.7
08:34:04	-1.2	0.4	-6.6
08:34:05	0.5	1.7	2
08:34:06	0.4	-2	-3.1
08:34:07	-1.7	-0.9	-0.6
08:34:08	0.4	1.7	-2.2
08:34:09	0.1	-0.3	5
08:34:10	-0.4	-1	-6.3
08:34:11	-1.1	-0.4	0
08:34:12	0.2	-1.2	-3.9
08:34:13	2.5	2.5	6.8
08:34:14	-4.1	-1.2	-5.2
08:34:15	2.5	-0.6	-3.6
08:34:16	1.6	-0.6	8.9
08:34:17	-2.6	1.7	-6.1
08:34:18	1.4	-0.4	-1.6
08:34:19	0.5	-1	-0.8
08:34:20	-1.2	1.1	-2.7
08:34:21	1.1	-0.9	0.8
08:34:22	-2.9	1	-3.6
08:34:23	1.9	-1.1	-5.1
08:34:24	0.1	1.2	0.9
08:34:25	-0.7	0.3	-2
08:34:26	2.6	0.1	2.1
08:34:27	-2	2	-3.7
08:34:28	1.4	-0.4	-0.6
08:34:29	-0.4	1	-2.7
08:34:30	0	-0.5	2.5
08:34:31	-0.2	-0.3	-3.3
08:34:32	0.3	-0.3	5.7
08:34:33	-0.5	0.5	-6
08:34:34	0.4	1.5	-5
08:34:35	0.4	-0.2	0.1
08:34:36	-0.3	-0.6	-1.8
08:34:37	-0.4	0.7	3.1
08:34:38	-1.1	-1.3	3.1
08:34:39	0.3	0.7	-7.4
08:34:40	-0.1	0	-4.6
08:34:41	1.3	-2.2	2.6
08:34:42	-0.7	3	4
08:34:43	-1.7	-1.7	-2.8
08:34:44	-0.1	-0.5	-4
08:34:45	3.5	4.3	-6.5
08:34:46	0.6	-2.8	1.2
08:34:47	-2.7	-0.8	7.9
08:34:48	1.1	-0.2	-5.7
08:34:49	0.5	0.2	1.6
08:34:50	-3.4	1.6	-3.8
08:34:51	0	-0.7	0.7
08:34:52	1.1	-0.2	-0.6
08:34:53	0.7	0.6	-0.4
08:34:54	-0.5	0	-2.7
08:34:55	-0.3	-0.6	-3
08:34:56	0.8	-0.2	-0.4
08:34:57	0.5	-0.1	1.6
08:34:58	-0.3	0.8	-7
08:34:59	-0.3	1	5.3
08:35:00	1	-1.9	0
08:35:01	-1.2	1.5	-5.4
08:35:02	0.2	-0.9	-0.2
08:35:03	-1.9	-1.9	-0.7
08:35:04	2.4	1.4	-3.9
08:35:05	-0.1	-0.3	1.3
08:35:06	1.2	-2.1	-2.6
08:35:07	-2.4	2.2	-5.3
08:35:08	2.6	1.3	4.9
08:35:09	-3.4	-1.5	-6.2
08:35:10	3	3.5	-3.2
08:35:11	0.6	-1.6	-0.4
08:35:12	-2	-3.8	4.5
08:35:13	2.1	0.8	-5.5
08:35:14	-1.9	1.7	-2.6
08:35:15	1.2	-0.9	2.6
08:35:16	-0.2	-0.1	-3.4
08:35:17	-2.2	0.4	-4.2
08:35:18	-0.2	-0.2	3.6
08:35:19	3.5	0.2	4.7
08:35:20	-0.4	1.3	-2.9
08:35:21	-1	2.5	-5
08:35:22	0.3	-0.3	-0.9
08:35:23	-0.3	-0.2	-4.1
08:35:24	-1.2	-2	3.7
08:35:25	-0.6	2.2	-5.5
08:35:26	2.6	-1.2	0.1
08:35:27	-1.3	0.3	1.5
08:35:28	0.4	1.8	0.6
08:35:29	2.2	0.1	0.3
08:35:30	-2	-0.2	-11.1
08:35:31	-0.1	-1.8	7.2
08:35:32	1	1.2	-1.5
08:35:33	-2	1.2	-2.3
08:35:34	-0.2	-0.3	4.8
08:35:35	2.8	-1.2	-6.3
08:35:36	-2.3	-2.3	-4.5
08:35:37	0.1	2.7	0.1
08:35:38	0.3	-0.8	4.2
08:35:39	2.2	-0.9	0
08:35:40	-2.9	-1.3	-7.1
08:35:41	-0.1	1.8	0.9
08:35:42	0.2	0.5	1.5
08:35:43	-1.1	-1.1	-1.4
08:35:44	-0.5	0.5	1.8
08:35:45	0.6	1.7	-4.8
08:35:46	0.7	0.6	1.2
08:35:47	1.8	-0.4	0.7
08:35:48	0.1	0.2	0.6
08:35:49	0.5	-1.3	4.3
08:35:50	-3.1	0.6	-11.8
08:35:51	1.8	1.8	8.5
08:35:52	1.2	-0.7	-3.9
08:35:53	0.4	0.2	5
08:35:54	-1	0.3	-7.9
08:35:55	-1.9	0.6	9
08:35:56	1	0.4	-9.4
08:35:57	-1.1	-1.1	5.5
08:35:58	0	-1.9	-1.2
08:35:59	1.8	1.5	-5.9
08:36:00	-0.4	0.6	4.3
08:36:01	2.1	-2.3	-5.6
08:36:02	-1.8	0.1	1.5
08:36:03	-0.2	-1.8	-1.6
08:36:04	-0.7	3.3	-0.6
08:36:05	0.7	-1.3	-1.7
08:36:06	2.4	2.4	2.2
08:36:07	-4.4	-1.4	1.9
08:36:08	-0.1	0.8	-6.3
08:36:09	0.6	1.8	-3.8
08:36:10	0.8	-1.2	0.9
08:36:11	-0.7	2.7	5.9
08:36:12	0.4	1.3	-4.2
08:36:13	0.2	-1.5	-2.4
08:36:14	0.3	1.1	-5.6
08:36:15	1.5	0.2	-2.5
08:36:16	-2.6	-1.1	3.7
08:36:17	1.6	-0.1	2.8
08:36:18	0.6	0.3	-7.9
08:36:19	-1.8	0.9	-1.5
08:36:20	1.6	0.9	-0.4
08:36:21	-1.3	-1.9	-2.3
08:36:22	1.6	0.9	0.6
08:36:23	0.4	-1.1	-3.2
08:36:24	-1.4	0.1	2.4
08:36:25	-0.2	0.2	1.9
08:36:26	-1.5	3.1	1.7
08:36:27	1.3	-1.4	-4.8
08:36:28	1.2	-1.4	-4.2
08:36:29	-0.6	2.6	2.8
08:36:30	-0.2	-1.4	0.2
08:36:31	-0.8	0.2	-3.5
08:36:32	0.3	-0.2	-0.7
08:36:33	-0.7	-0.2	-6
08:36:34	0.5	0.5	4.5
08:36:35	0.3	-1	-2.1
08:36:36	0.5	1.9	-2.5
08:36:37	1.1	-1	0.9
08:36:38	-1.6	1.7	-6
08:36:39	1.3	1	0.1
08:36:40	-2.6	-0.9	-1.1
08:36:41	2.7	0.9	1.8
08:36:42	0	0.2	-8.3
08:36:43	0.4	-0.3	3.6
08:36:44	-0.2	1	-3.6
08:36:45	-1.5	-1.7	-1.2
08:36:46	-0.5	0.2	-0.6
08:36:47	2.8	2.3	4.9
08:36:48	0.5	-0.1	-0.1
08:36:49	-2.1	-2.3	-6.9
08:36:50	0.3	2.6	-1.4
08:36:51	-1	-0.3	4.2
08:36:52	0.2	0.5	-3.3
08:36:53	-0.1	0.1	-1.3
08:36:54	0.7	-0.3	-0.7
08:36:55	-2.3	1	-0.4
08:36:56	-1.9	-0.9	-5.1
08:36:57	1.2	-2.1	3.6
08:36:58	1.2	1.3	-1.5
08:36:59	-1.2	-0.7	1.2
08:37:00	0.8	0.8	-4
08:37:01	-3.3	1.3	1.9
08:37:02	0.2	-1.3	-2
08:37:03	2.8	0.1	-5.3
08:37:04	-1	2.1	5
08:37:05	-2.5	-1.8	-7.4
08:37:06	1.6	2.5	7.1
08:37:07	-1.8	-2.6	-2.9
08:37:08	1.4	1.4	0.3
08:37:09	-1	0.3	3.9
08:37:10	0.2	1.4	-4.7
08:37:11	1.7	-0.3	-2.2
08:37:12	-0.6	-0.4	-1
08:37:13	-0.6	-0.8	-1.7
08:37:14	0.1	0.4	5.4
08:37:15	1.7	0.6	-9.2
08:37:16	0.2	-0.4	-3.9
08:37:17	0.3	-0.5	5.5
08:37:18	3.4	1.2	-2
08:37:19	-2.9	-0.2	-0.7
08:37:20	-2	0.8	-6
08:37:21	0.2	0.8	1.6
08:37:22	-0.8	-0.1	-0.7
08:37:23	0.1	-1.6	-0.7
08:37:24	1.7	0.2	1.7
08:37:25	0.1	1.2	-0.4
08:37:26	0.1	-3.8	1.8
08:37:27	-1	1.6	-6.9
08:37:28	-0.4	0.2	-2.6
08:37:29	-0.1	0.2	1.3
08:37:30	0.7	-1	-3.1
08:37:31	-0.5	1.1	-3.5
08:37:32	0.5	-0.1	3.2
08:37:33	-0.2	0.6	-2.4
08:37:34	-1.3	-1.5	-1.9
08:37:35	3.4	1.8	1.5
08:37:36	-1.3	-0.4	-1.6
08:37:37	0.2	1.1	-5.6
08:37:38	-1.8	-0.4	2.2
08:37:39	1.6	2.2	-3.3
08:37:40	-0.5	-1.5	2.6
08:37:41	0.2	1	-3.4
08:37:42	2.3	0.2	-2.8
08:37:43	-0.2	0.3	6.3
08:37:44	1.1	1.2	-12.1
08:37:45	-1.6	-0.1	3.1
08:37:46	-0.1	0.4	-4.6
08:37:47	-1.2	-1.7	-1
08:37:48	3.2	-0.4	2.8
08:37:49	-1.5	0.3	-3
08:37:50	0	-0.2	1.7
08:37:51	-3.8	-1	-6
08:37:52	4.9	2.7	3.5
08:37:53	-1.1	-1.3	-2.6
08:37:54	3.3	1	6.1
08:37:55	-2.6	-1.4	-9.4
08:37:56	2.6	0.8	-1.9
08:37:57	-2.3	1.1	3.4
08:37:58	2.7	-1	-3.2
08:37:59	-1.1	1.3	-0.7
08:38:00	0.6	-2.2	0.9
08:38:01	0.3	0.6	-1.4
08:38:02	1.4	1.2	0.2
08:38:03	-2.3	1.6	-3
08:38:04	4.2	-1.6	-0.3
08:38:05	-2.6	-0.1	-4.5
08:38:06	-1.4	-0.4	-2.7
08:38:07	2.9	1	2.1
08:38:08	-0.1	0.1	-1.5
08:38:09	0	0.2	-1.6
08:38:10	1.1	-1	-6.8
08:38:11	-0.1	-0.5	0.7
08:38:12	2.6	1.6	4.1
08:38:13	-3.3	1	-1.4
08:38:14	0.6	0.5	1.8
08:38:15	-2.4	-1.3	-7.3
08:38:16	2.4	2	4.1
08:38:17	-2.4	-0.3	-5.5
08:38:18	2	-0.7	3.2
08:38:19	1.1	-1.1	0
08:38:20	-2.8	1.6	-5.9
08:38:21	1.6	1.6	6.9
08:38:22	-1.5	-1.3	-4
08:38:23	-1.4	-1.2	-0.8
08:38:24	2.7	0.6	0.8
08:38:25	0	1.7	-4.7
08:38:26	-0.5	-2.1	-2.5
08:38:27	2.6	0.6	-1.2
08:38:28	0.3	-1.1	3.3
08:38:29	-3.5	-1.2	-7.5
08:38:30	2.1	4.3	4.3
08:38:31	-1.3	-2.8	-6.7
08:38:32	0.6	0.9	-2.4
08:38:33	1	-1.7	7.1
08:38:34	-1.9	1	-9.3
08:38:35	0.4	2.8	1.3
08:38:36	-0.9	-2.4	-4.6
08:38:37	0	-0.1	2.3
08:38:38	-0.6	-1.1	4.5
08:38:39	1	0.9	-4.4
08:38:40	1.5	-1.3	-5.7
08:38:41	-2.3	0.4	0.9
08:38:42	1.9	1.3	-1.6
08:38:43	0.7	-1.5	-2.2
08:38:44	-0.4	0	-1.3
08:38:45	0.5	-1.3	-0.5
08:38:46	2.7	0.5	-0.3
08:38:47	-1.7	1.4	-3.4
08:38:48	1.1	-1	-3.6
08:38:49	0	1.1	-3
08:38:50	-0.7	-2	-2.2
08:38:51	1.1	0.5	5
08:38:52	-2.2	-0.5	-4
08:38:53	-0.9	-0.1	-4
08:38:54	1.9	-0.4	6.6
08:38:55	-0.7	1.8	-1.9
08:38:56	1.9	-0.6	-0.9
08:38:57	-1	0	-5
08:38:58	1.1	0.5	2.9
08:38:59	0.8	-0.9	-10.9
08:39:00	1.2	2.1	7.5
08:39:01	-4.2	-1.1	1.1
08:39:02	1.2	0.6	-0.7
08:39:03	-0.7	-1.3	1
08:39:04	1.5	0.6	0
08:39:05	-1.9	-0.8	2.2
08:39:06	0.9	1.2	-2.7
08:39:07	0.1	-0.7	-1
08:39:08	0.4	-0.9	-0.5
08:39:09	2.1	3.3	1.6
08:39:10	-2.2	-2.4	-3.8
08:39:11	-0.8	2.2	-0.3
08:39:12	1	-0.5	-3.8
08:39:13	-1.8	-2.5	-1.5
08:39:14	3.5	0	6
08:39:15	-1.6	2.1	-1.4
08:39:16	-1.2	-0.3	-8.9
08:39:17	-0.2	-0.5	0.9
08:39:18	-0.6	0.7	-5.5
08:39:19	-2.5	0.2	2
08:39:20	0.8	0.1	1.5
08:39:21	1.9	-1.2	-2.3
08:39:22	-2.1	0.8	2.5
08:39:23	2.3	-0.9	7.6
08:39:24	-2.2	0.8	-7.7
08:39:25	0	1.1	-1
08:39:26	0.8	-1.2	2.7
08:39:27	0.4	2.3	-2.6
08:39:28	-1.9	-2.5	-2.6
08:39:29	0.1	0.9	3.3
08:39:30	3.2	-0.3	-3.5
08:39:31	-2.5	0.7	-1.5
08:39:32	1.9	0.1	-1
08:39:33	2.1	0.8	-1.2
08:39:34	-3.2	-1.7	-5.7
08:39:35	2.3	0.2	6.5
08:39:36	-0.9	1.4	-5.3
08:39:37	0.6	0.1	-1.9
08:39:38	0.2	-1.3	1.2
08:39:39	-2.7	1.3	-0.1
08:39:40	1.2	0.9	-1.5
08:39:41	3.6	-0.4	-0.9
08:39:42	-2.5	3.3	-1.4
08:39:43	1.6	-2	-3
08:39:44	-1.5	0.7	2.1
08:39:45	0.4	0.2	-2.9
08:39:46	0.1	-0.3	3.9
08:39:47	1.7	-0.1	-4.7
08:39:48	-1	-0.8	-0.9
08:39:49	0.3	-0.6	-1.2
08:39:50	-0.2	1.6	-5.2
08:39:51	1.4	-1.6	5.7
08:39:52	-2.7	1.1	-4.2
08:39:53	2.1	-1.4	-1.3
08:39:54	-0.4	1.7	3.8
08:39:55	-0.7	-0.6	-5.6
08:39:56	-0.7	1.5	-2.5
08:39:57	-0.2	-1.6	2.5
08:39:58	0.4	1.9	-1.8
08:39:59	-0.4	-0.7	-4.2
08:40:00	-0.5	-0.2	2
08:40:01	0.2	0.8	0
08:40:02	-1.3	0.3	-0.3
08:40:03	-0.8	-0.6	-1.2
08:40:04	0.2	-1.9	-1.1
08:40:05	-1.4	2.5	-1.1
08:40:06	-1.3	0.6	0.4
08:40:07	1.3	-0.9	-3
08:40:08	2.1	0.6	2.3
08:40:09	-0.7	-1.2	-4.6
08:40:10	-1.3	0.4	2.9
08:40:11	-2	-0.8	-3.3
08:40:12	-1.6	0.3	-0.9
08:40:13	2.9	0	3.3
08:40:14	-0.7	-0.7	-5.5
08:40:15	1.3	0.1	8.8
08:40:16	-0.4	-0.2	-6.6
08:40:17	-0.8	1.7	1.5
08:40:18	1.3	-0.6	-4.7
08:40:19	-2.3	2	2.8
08:40:20	1.8	-0.9	-2.6
08:40:21	-2	-0.4	2.2
08:40:22	0.5	1.3	-2.9
08:40:23	2.3	-0.8	-5.4
08:40:24	-2.4	0.4	-0.8
08:40:25	0.5	1.3	-0.1
08:40:26	3	-1.1	-1.8
08:40:27	-3.7	1.6	-4.2
08:40:28	2.6	-0.5	1
08:40:29	-0.4	1.6	-2.5
08:40:30	-0.2	0.1	-3.3
08:40:31	-1.3	0.2	-1.7
08:40:32	1.2	-0.6	6.1
08:40:33	1.7	-0.2	-3
08:40:34	-1.7	0.8	-2.2
08:40:35	0.2	0.1	-1.8
08:40:36	-2.3	0.8	2.6
08:40:37	2.7	-0.6	-3.7
08:40:38	0.4	-0.2	-4.9
08:40:39	-1.3	1.7	4.2
08:40:40	1.6	0.2	0.4
08:40:41	-1.6	1	-4.4
08:40:42	1.6	-1.9	-0.1
08:40:43	-1.8	1.4	-3.4
08:40:44	-0.6	0.8	-3.4
08:40:45	-0.8	-0.7	0
08:40:46	-0.5	0.5	-4.2
08:40:47	2.2	0.2	2.7
08:40:48	-0.1	0.1	-1.1
08:40:49	-1.8	-0.8	-2
08:40:50	-1.6	2	-2.3
08:40:51	1.9	-1	3.2
08:40:52	1.4	0.5	-0.6
08:40:53	-3.3	0.9	-4.4
08:40:54	-1.1	0.2	1.5
08:40:55	0.5	1.9	-3
08:40:56	0.9	0.5	1
08:40:57	-1.1	-0.8	-0.5
08:40:58	0.8	-0.9	0.1
08:40:59	1	0.7	-0.6
08:41:00	-0.3	2	-5.8
08:41:01	-0.2	0.1	1.4
08:41:02	0.9	0.3	-1.2
08:41:03	0	0.3	0.7
08:41:04	-2.6	-0.7	-5.4
08:41:05	2.5	0.2	3.1
08:41:06	-1.6	1.1	-1.6
08:41:07	1.9	1.1	0.6
08:41:08	2.9	-2.3	-5.2
08:41:09	-3.6	1.2	3.8
08:41:10	1.5	1.8	1.8
08:41:11	-0.3	0	-7.1
08:41:12	1.4	-0.9	2.7
08:41:13	-3.1	-0.2	-1.3
08:41:14	1.2	-1	1.1
08:41:15	2.1	1.5	0.1
08:41:16	1.4	0.3	-5.1
08:41:17	-3.5	-0.4	-1.4
08:41:18	1.6	0	0.6
08:41:19	0.5	2.9	-1.8
08:41:20	-0.4	-2.1	-2.8
08:41:21	-0.5	2.5	-3.7
08:41:22	1.4	-2.1	2.4
08:41:23	-2	1.6	0
08:41:24	-1.2	-0.6	-2.7
08:41:25	-1.9	0.4	0.5
08:41:26	2.3	0.4	-4.4
08:41:27	-2.5	-1.3	1.3
08:41:28	3.2	1.7	5.4
08:41:29	-3.7	-0.8	-4.5
08:41:30	-0.9	-0.1	0
08:41:31	-1.5	-1.3	-4.3
08:41:32	2.6	2.4	-1.5
08:41:33	-2.5	0.8	-1.2
08:41:34	0.4	-0.9	0.4
08:41:35	-0.7	0.7	-3.9
08:41:36	0.5	2	0.3
08:41:37	1.8	-0.2	0.9
08:41:38	0.3	-0.7	4
08:41:39	-0.4	2.4	-3.7
08:41:40	-1.4	0.6	-2.9
08:41:41	1.9	-2.7	-5.4
08:41:42	2.1	-0.6	-0.2
08:41:43	-2.5	1.3	-0.8
08:41:44	-1.3	-2.2	-3.3
08:41:45	-0.9	1.1	-1.1
08:41:46	2.4	-0.4	1.6
08:41:47	-1.3	1	-1.9
08:41:48	4.1	-0.6	-2.3
08:41:49	-2.6	2.4	-1.7
08:41:50	0.9	-2.7	-1.6
08:41:51	-1.6	2.2	-1.5
08:41:52	1.4	-1.9	2.9
08:41:53	2	0.8	-2.5
08:41:54	-1.7	1	1.7
08:41:55	1.5	-1.1	-1.9
08:41:56	-2	1.9	-0.1
08:41:57	0.5	-0.4	3
08:41:58	-0.3	0.1	-4.2
08:41:59	2.2	-1.3	-4.4
08:42:00	-1.8	0.7	-1.3
08:42:01	-2.2	0.2	-2.2
08:42:02	0.7	-0.8	3.4
08:42:03	0.8	0.1	0.9
08:42:04	1.6	-2.1	-3.7
08:42:05	-1	0.4	3.4
08:42:06	1.1	0	-5.8
08:42:07	0.4	-1.5	-0.8
08:42:08	-0.7	2	3.3
08:42:09	0.9	-2.1	-4.2
08:42:10	0.6	-0.6	-0.7
08:42:11	0.5	1.1	5.1
08:42:12	-1.7	-1.4	-3.9
08:42:13	0.8	2.2	-1.5
08:42:14	-4.8	-2.2	0.3
08:42:15	2.2	0.6	-2.1
08:42:16	0.9	0.6	1.4
08:42:17	1.1	0.3	-2.7
08:42:18	-2.5	0.7	-0.9
08:42:19	1.2	-2	0.7
08:42:20	0.8	0.2	-4.4
08:42:21	-0.6	-0.1	3.6
08:42:22	-0.6	-1.1	0.9
08:42:23	-0.1	1.4	0.5
08:42:24	-0.6	-1.4	0.1
08:42:25	0.3	2.5	-3.5
08:42:26	2.5	-1.2	-0.2
08:42:27	-2.5	1.2	-3.2
08:42:28	3.8	-0.5	5.1
08:42:29	-2.5	-0.8	-8.4
08:42:30	-1.9	1.5	-0.8
08:42:31	2.5	-1.5	3.2
08:42:32	1.5	2	-4.8
08:42:33	0	-1.3	-3.4
08:42:34	-0.5	-1.1	2.4
08:42:35	2	0.6	-1.3
08:42:36	-2.5	-1.6	-2.7
08:42:37	0.2	1.4	-2.2
08:42:38	1.8	-1.7	2.4
08:42:39	-0.6	1	-1.5
08:42:40	-0.3	-0.4	-3.2
08:42:41	-1.3	-1	0
08:42:42	-0.1	2.5	-5.3
08:42:43	-0.7	-2.8	0.4
08:42:44	0.2	1.8	-0.7
08:42:45	-1.7	-1	-2.8
08:42:46	0	1	2.3
08:42:47	-4.8	-2.7	-4.3
08:42:48	3.3	4	-0.5
08:42:49	-2.1	0.1	1.3
08:42:50	2.5	-1	-1.8
08:42:51	2.8	-2	4.1
08:42:52	-1.3	2.6	-4.5
08:42:53	-1.4	1	0.6
08:42:54	1.4	-1.3	1.4
08:42:55	-0.2	-1.4	-1
08:42:56	-1	0.8	-5.1
08:42:57	1.1	1.1	3.9
08:42:58	-3	-1.5	-7.1
08:42:59	2.5	1.4	2.9
08:43:00	-5.3	-1.3	-3.2
08:43:01	2.8	1.4	1.5
08:43:02	1.3	-0.8	-6
08:43:03	-3.1	2.4	6.4
08:43:04	3.1	0.1	-3
08:43:05	-0.7	0.7	0.7
08:43:06	-0.2	-3.9	-4.5
08:43:07	-0.1	3.5	-0.3
08:43:08	-2.8	1.3	-1.9
08:43:09	0.8	-0.1	-0.2
08:43:10	2.8	-1	2.9
08:43:11	-1.7	0.5	-5.6
08:43:12	0.3	2.6	2.7
08:43:13	0.6	-1.3	-2.1
08:43:14	-0.7	0.9	-4.6
08:43:15	-2	0.6	1.4
08:43:16	2.2	-0.7	-4.6
08:43:17	0	1.7	-1.3
08:43:18	-0.5	1	0.7
08:43:19	2.6	-3	-1.2
08:43:20	-2.6	1.6	-2.8
08:43:21	-1.9	0.2	1.2
08:43:22	2.7	1.9	-5.3
08:43:23	-0.3	-2.1	4.5
08:43:24	-2.5	1.2	2.6
08:43:25	-0.4	-0.3	-5.1
08:43:26	-0.6	-0.7	0
08:43:27	0.6	0.9	8.2
08:43:28	1.8	-2.5	-7.3
08:43:29	-3	2.1	1.5
08:43:30	1	-1.3	2.8
08:43:31	-0.2	0.4	-4.7
08:43:32	0.9	0.1	1.4
08:43:33	-1.6	-0.8	0.6
08:43:34	-0.2	2.1	-6.6
08:43:35	-1.1	-0.5	4
08:43:36	1.8	2.6	0.4
08:43:37	0.5	-2	-7.4
08:43:38	-1.6	0.3	-2.5
08:43:39	-1.2	1	2.6
08:43:40	3	-0.5	1
08:43:41	-3.9	1	-3
08:43:42	0.9	1	-4.9
08:43:43	0.8	-1.2	4.5
08:43:44	-2.8	-0.6	-5.2
08:43:45	0.5	1.2	3.9
08:43:46	1.3	0.6	-2.3
08:43:47	-0.5	0.6	-0.7
08:43:48	-0.2	0.5	-6.4
08:43:49	-1.1	-3.3	0.8
08:43:50	1.2	1.3	4.6
08:43:51	-0.3	1.6	-4.5
08:43:52	2.6	-0.4	-2.4
08:43:53	0	2.3	2.1
08:43:54	-2.8	-2.9	-1.5
08:43:55	-0.9	2.2	-2.4
08:43:56	1.4	0.3	-1.5
08:43:57	0.2	1.3	5.7
08:43:58	-0.6	0.9	-0.6
08:43:59	1.7	-0.4	-4.8
08:44:00	-0.7	-0.4	3.8
08:44:01	0.1	-0.2	-0.1
08:44:02	-0.1	1.6	-4.4
08:44:03	-2.2	-1	-1.7
08:44:04	0.3	-1.5	-1
08:44:05	1.7	0.4	-1.5
08:44:06	-1.3	0.1	1.6
08:44:07	3	2.8	-2.9
08:44:08	-4	-0.1	5.6
08:44:09	0.9	-2	-6.3
08:44:10	0.4	2	-3.2
08:44:11	-1.2	-2.6	0.6
08:44:12	1.5	0.5	-6.1
08:44:13	-0.1	-0.1	0.5
08:44:14	-1.8	1.5	-0.7
08:44:15	-0.5	0.9	2.8
08:44:16	1	-0.8	-7.3
08:44:17	-1	-0.4	2.3
08:44:18	-0.2	-2.4	-0.1
08:44:19	-1.6	2.9	-1.1
08:44:20	0.9	0.5	-6.6
08:44:21	1.2	-1.6	4.9
08:44:22	0.3	1.3	-1.6
08:44:23	-1.8	-0.5	-2.7
08:44:24	0.8	0.8	-7
08:44:25	-4.5	1.1	3.8
08:44:26	1.4	2.3	3.8
08:44:27	3.1	2.7	-4.1
08:44:28	0.2	0.8	0
08:44:29	-2.8	0.5	-5.7
08:44:30	1.5	0.4	9
08:44:31	-1.4	2.6	-2.1
08:44:32	1.2	0.2	2
08:44:33	-2.7	-1.5	-7.2
08:44:34	1.7	0.2	3.1
08:44:35	-1.1	-0.1	2.8
08:44:36	0	-2	-3.7
08:44:37	-0.9	-0.3	0.9
08:44:38	0.7	-1.3	-7.7
08:44:39	-1.7	-0.1	4.4
08:44:40	0.7	-1.9	-4
08:44:41	0	1	-0.9
08:44:42	-3.3	1.5	-8.6
08:44:43	-1.3	-0.3	2.5
08:44:44	1.5	-1	-0.3
08:44:45	-0.5	1.3	-1.8
08:44:46	0	-0.5	-3
08:44:47	-0.6	0.5	-2.3
08:44:48	0.9	2.5	1.9
08:44:49	0.5	1.4	-0.3
08:44:50	2.4	1.3	-4.3
08:44:51	-2.7	-0.3	5
08:44:52	-1.8	0.7	1.9
08:44:53	2.3	-1.4	-6.7
08:44:54	-2.1	1.9	-7.3
08:44:55	-1.9	2	7.4
08:44:56	-1.4	-2.1	-2
08:44:57	0.7	-1	-1.6
08:44:58	-1.5	-4.8	-1.3
08:44:59	-5.1	2.1	1.5
08:45:00	0.6	4.9	4.6
08:45:01	-4	-2.8	-6.4
08:45:02	1.8	-1.2	-3.6
08:45:03	-0.1	2.3	1
08:45:04	-2.4	2.6	-0.4
08:45:05	0.6	4.3	-2.7
08:45:06	4.5	-4.3	5.1
08:45:07	-4.9	1.5	-5.7
08:45:08	1.4	-2.7	-4.5
08:45:09	0.6	-0.9	3.9
08:45:10	3.8	-1.8	1.2
08:45:11	4.7	3.6	2.8
08:45:12	0.7	-4.9	-3.5
08:45:13	3.8	-1.6	7
08:45:14	10.2	-1.5	-4.1
08:45:15	-4.8	-9.2	-2.4
08:45:16	-4.5	3.2	8.6
08:45:17	3.7	2.3	-5.8
08:45:18	-1.2	1.8	2.5
08:45:19	-6.3	-1.7	2
08:45:20	-3.5	9.1	-9.6
08:45:21	-10.7	15.3	3.1
08:45:22	3.1	1.8	1.8
08:45:23	5.1	-0.1	-6.6
08:45:24	-2.1	4	-10.8
08:45:25	5.1	-8.4	-0.4
08:45:26	8.3	-17.2	1.8
08:45:27	2.7	-5.7	2.9
08:45:28	6.4	-0.9	7.7
08:45:29	-1.3	-6	-9.9
08:45:30	-9.6	1.7	1.6
08:45:31	-13.3	19.3	1.6
08:45:32	-2.1	7.6	2
08:45:33	-1.5	-9.9	-3.1
08:45:34	-1.5	-1.8	-4.3
08:45:35	19.3	-2.1	1.3
08:45:36	-8.3	-2.7	-2.3
08:45:37	-11.3	3.4	-5.2
08:45:38	5.5	-6.6	4.5
08:45:39	11.8	1.2	-0.2
08:45:40	-7.6	2.8	9.1
08:45:41	-2.2	8	-5.5
08:45:42	-1.8	3.4	-2.9
08:45:43	0.9	-0.9	-6
08:45:44	9.9	-10.6	3.2
08:45:45	9.1	2	-1.8
08:45:46	-5.7	-0.5	1
08:45:47	-0.8	0.8	1.7
08:45:48	3.9	-3.2	-3.2
08:45:49	3.4	2.9	-3.3
08:45:50	3.5	-3.9	6.8
08:45:51	-0.8	-6.5	3.4
08:45:52	-7.1	3.2	0.8
08:45:53	-6.5	11.4	-1.6
08:45:54	-9.7	3.4	-3.1
08:45:55	-6.7	-6.6	-4.3
08:45:56	-4.4	-9.3	-1.2
08:45:57	-0.3	-4.8	2.2
08:45:58	8.2	7.3	-8.3
08:45:59	6.4	1.5	4.3
08:46:00	3.2	-5	-2.3
08:46:01	2	-1.5	6.1
08:46:02	4.3	0.7	-3.6
08:46:03	11.1	2.8	-2.5
08:46:04	1	-0.1	3.6
08:46:05	-3.3	4.9	-0.2
08:46:06	-5.3	8.1	-3.7
08:46:07	-2.9	1.9	5.5
08:46:08	-6.7	-0.2	-4.2
08:46:09	-4.7	1.5	-5.1
08:46:10	-10.6	0	0
08:46:11	-3.9	-4.2	-5.8
08:46:12	-1.1	-10.5	-0.6
08:46:13	13	-7.7	-1.9
08:46:14	3.8	-1.9	1.7
08:46:15	5.8	6.9	8.7
08:46:16	7.2	0.2	-1.2
08:46:17	3.7	-0.1	5.1
08:46:18	4.4	5.4	1.6
08:46:19	-8.2	14.2	-3
08:46:20	-10	4.5	-4.5
08:46:21	4.4	0.3	-0.3
08:46:22	-8.5	-6.3	-5.8
08:46:23	-10.3	-5.5	-5.9
08:46:24	-0.3	1.8	3.6
08:46:25	6.7	-4.1	-3.5
08:46:26	-0.7	-8.5	6
08:46:27	1.5	-2	3.6
08:46:28	12	-0.2	-1.9
08:46:29	1.4	1	-0.3
08:46:30	-6.4	3	5
08:46:31	-0.3	4.4	-2.3
08:46:32	1.6	7.1	-4.6
08:46:33	-1.1	3.4	1.2
08:46:34	-8.9	-4.9	-8.8
08:46:35	4.6	2.4	0.6
08:46:36	6.7	-0.3	-2.8
08:46:37	2	-1.3	0.9
08:46:38	-5.9	-1.3	0.2
08:46:39	-2.1	-4.4	1.3
08:46:40	4.6	3.7	-2.6
08:46:41	-4.8	0.3	6.6
08:46:42	-8.9	-0.3	-5.3
08:46:43	-6.2	-3	-0.1
08:46:44	2.9	-2.2	-2.1
08:46:45	6.5	-0.9	-1.3
08:46:46	9.5	6.4	0.8
08:46:47	7.2	9.8	-5
08:46:48	5.4	4.8	1.2
08:46:49	-2.7	-2	2.6
08:46:50	-8.4	-8.2	1
08:46:51	1	-6.2	6.1
08:46:52	-3.1	-1.9	-4.3
08:46:53	-13.2	4.3	-5.4
08:46:54	-7.6	2.7	-6.6
08:46:55	-3.4	1.4	3
08:46:56	5	1.1	2.3
08:46:57	13.8	-2.6	1.1
08:46:58	6.1	3.1	0.3
08:46:59	9.2	-2.4	1.4
08:47:00	6	-3.8	0.5
08:47:01	-2.4	0.6	2.7
08:47:02	-9.8	5	-7
08:47:03	-9.5	5.4	-1.8
08:47:04	-3.4	-0.4	-9.1
08:47:05	-6.8	-4	0.1
08:47:06	-2.5	-5.2	0.4
08:47:07	-1.3	4.2	6.2
08:47:08	6.9	1.8	1.4
08:47:09	10.6	1.3	-1.6
08:47:10	9.5	-0.7	-1.7
08:47:11	-0.4	-5.2	-2.7
08:47:12	-1.1	-1.1	-4
08:47:13	-5.8	-3.7	-0.5
08:47:14	-4.9	5.4	-0.5
08:47:15	-7.2	6.8	-3.8
08:47:16	-7.6	-1.1	-4.7
08:47:17	3.2	-4.4	-3.6
08:47:18	7.7	-1	0.3
08:47:19	11.7	3	4.9
08:47:20	0.2	2.4	-0.4
08:47:21	-2.6	-0.3	-4.6
08:47:22	-1.4	0.5	-5.1
08:47:23	-3.7	3.1	2
08:47:24	-10.7	1.4	9.7
08:47:25	1.9	-2.4	-11.7
08:47:26	1	2.1	-3.3
08:47:27	1.4	-3.9	0.1
08:47:28	5.4	-4.1	2.6
08:47:29	8.3	-4.3	-4.8
08:47:30	4.2	0.2	1.9
08:47:31	-5.8	2.9	-3.8
08:47:32	-7.1	10	-1.4
08:47:33	-4.1	5.2	6.2
08:47:34	5.1	-3.2	-5.7
08:47:35	0.5	-1.8	-2.2
08:47:36	-2.6	-2.6	5.1
08:47:37	-1.8	0.7	-5.1
08:47:38	2.2	-2.8	-2
08:47:39	-0.4	-7.8	1.5
08:47:40	-1.2	-2.8	-2.1
08:47:41	-3.5	2.8	2.3
08:47:42	4.9	9	2.4
08:47:43	-3	10.9	-6.8
08:47:44	-0.5	-0.1	0.5
08:47:45	-0.1	0.9	-7.1
08:47:46	-2.5	-4.7	-2.7
08:47:47	1.7	-9.2	-1.3
08:47:48	0.5	-5	-1.8
08:47:49	6.8	-2.7	7
08:47:50	2.7	2.3	4.9
08:47:51	-1.3	5.6	-5.4
08:47:52	-6.2	5.5	-3.3
08:47:53	-2.8	-1.1	-5.9
08:47:54	-4.1	-1.2	-5
08:47:55	0.7	1.3	-6.4
08:47:56	3.4	-0.2	2.2
08:47:57	2	-1.7	1.7
08:47:58	6	-3	2.8
08:47:59	-5.7	-3.2	-2
08:48:00	-1.8	7.4	-0.2
08:48:01	-0.6	4.7	3.4
08:48:02	-2.3	2.5	-2.7
08:48:03	3	-5.8	-4.9
08:48:04	-3.9	-4.6	5.4
08:48:05	0.1	-0.6	-1.6
08:48:06	-4.2	4.4	-5
08:48:07	5.6	0.2	-3.1
08:48:08	2.3	4.8	5
08:48:09	6.2	1.7	-3.4
08:48:10	-4.4	0.4	-0.5
08:48:11	-8.3	-6.9	-0.6
08:48:12	-1.8	-5.7	-4.4
08:48:13	2.2	-1	0.1
08:48:14	5.6	1.1	0.6
08:48:15	-2.2	9	0.7
08:48:16	-5	8.5	-2.8
08:48:17	-5.1	-1.2	-1.2
08:48:18	2.2	-4.1	0.8
08:48:19	8.4	0	-4.6
08:48:20	0.7	1.2	-2.8
08:48:21	-2.2	-3.2	0.1
08:48:22	-5.9	-5.2	-2.3
08:48:23	0.1	-2.1	5.2
08:48:24	2.9	-0.1	2.4
08:48:25	2.9	11.2	-4
08:48:26	2.3	9.6	-6.9
08:48:27	-2.5	-1	-1
08:48:28	-4.9	-5.3	-2.9
08:48:29	1.8	-6.3	1.8
08:48:30	2	-4.8	-5.9
08:48:31	-1.6	0.7	-3.2
08:48:32	-6.1	6	-0.8
08:48:33	1.4	2.3	1.1
08:48:34	8.4	1.1	3
08:48:35	0.7	2	-0.5
08:48:36	-0.6	4.1	-8.6
08:48:37	-3.1	-4.5	2.2
08:48:38	-2.5	-7	-1.6
08:48:39	-4.4	-1.7	-0.7
08:48:40	4.2	2.7	-6.5
08:48:41	5	7.4	4.7
08:48:42	6.3	-0.9	-6.4
08:48:43	0.9	-3.1	-0.8
08:48:44	-2.5	-0.9	3.9
08:48:45	-4.7	3.4	1.5
08:48:46	-7.8	0.5	-4.3
08:48:47	-0.9	1.8	0.1
08:48:48	-1	1	1.1
08:48:49	5.4	-5.5	-6.7
08:48:50	8.5	-1.9	0.2
08:48:51	3.3	-2.3	-2.8
08:48:52	-5.7	1	3.7
08:48:53	-0.8	2.9	-3.4
08:48:54	0.6	0.9	7.4
08:48:55	0.9	1.9	-6.6
08:48:56	-2.7	1.7	-2
08:48:57	0.3	-3.7	-7.1
08:48:58	2.5	-4.1	8.7
08:48:59	2.4	-5	0.5
08:49:00	2.2	0.9	-5.7
08:49:01	-4.8	6.2	-0.6
08:49:02	-3.5	3.4	-5.7
08:49:03	-3.2	3.2	-2.6
08:49:04	0.6	-2.5	4.8
08:49:05	0.4	-1.9	-0.1
08:49:06	5.4	-1.5	-0.9
08:49:07	0.3	0.2	-2
08:49:08	-3	0.9	4.4
08:49:09	-1.4	-2.2	-6.6
08:49:10	-0.7	-2.2	1.7
08:49:11	1.4	-2.7	2.1
08:49:12	2.1	-1.2	-1.8
08:49:13	-0.7	4.2	-7
08:49:14	-0.9	4.2	2.8
08:49:15	-5	3.8	1.4
08:49:16	-4.3	-5.3	-0.3
08:49:17	5.1	-3.4	-1.6
08:49:18	-0.2	-1.6	-1.9
08:49:19	0.1	-1.2	-0.7
08:49:20	-0.1	2.2	-2.2
08:49:21	1.3	0.5	-2.2
08:49:22	2.2	-0.4	2
08:49:23	-0.1	-1.7	-4
08:49:24	-2.2	-0.6	3
08:49:25	-1	1.1	0.8
08:49:26	-1.6	3.9	-1.1
08:49:27	0.9	1.4	-5.3
08:49:28	1.6	-2.9	3.8
08:49:29	0.7	-3	-7.2
08:49:30	-2.2	0.6	0.8
08:49:31	-1.2	3.3	4.3
08:49:32	-0.8	-0.1	-4.7
08:49:33	4.6	-4.7	-1.5
08:49:34	-2.6	-3.4	-2.7
08:49:35	-2.9	-1	1
08:49:36	4.7	6.3	0.5
08:49:37	2.9	4.1	-6.4
08:49:38	-1.5	0.2	-8.3
08:49:39	-0.7	-0.1	0.6
08:49:40	-1.7	-3.5	3.1
08:49:41	-1	0.1	-2
08:49:42	3.4	0.8	0.6
08:49:43	-2.7	-0.8	-0.9
08:49:44	0.2	1.4	1.2
08:49:45	-3	0.7	-9.5
08:49:46	-0.2	-2.6	1.3
08:49:47	1	2.1	0.4
08:49:48	2	-0.3	2.2
08:49:49	-3.1	0.1	-3.9
08:49:50	-0.2	0	-1.6
08:49:51	-2.7	-3.4	2.6
08:49:52	1.3	-1.4	-2.7
08:49:53	-0.5	2.6	-1
08:49:54	1.2	2.2	-5.5
08:49:55	2.2	2.9	1.3
08:49:56	0.9	-1.8	-2.1
08:49:57	-4.4	1.8	-3.9
08:49:58	-1.7	-3.4	-0.7
08:49:59	-0.5	-1.7	0.9
08:50:00	3	1.3	0.2
08:50:01	-1.1	1.4	-3.5
08:50:02	1	0.8	2.9
08:50:03	-0.9	3.7	-5.7
08:50:04	-2.2	-0.2	-3.1
08:50:05	0.3	-4.1	5.9
08:50:06	1.8	-5.6	-2.3
08:50:07	-2.6	3	-3.4
08:50:08	-0.7	6	1.6
08:50:09	4.3	2.2	-3.9
08:50:10	0.4	1.6	-4.6
08:50:11	0.4	-1.5	-0.7
08:50:12	-2.2	-2.8	3.2
08:50:13	0.4	0.7	4.5
08:50:14	-2.2	-0.4	-7.2
08:50:15	-3.9	0.2	0.8
08:50:16	3.2	0.6	-4.3
08:50:17	-1.4	3.9	-1.5
08:50:18	-1.1	-0.6	-1.7
08:50:19	-0.4	-1.8	0.6
08:50:20	4.1	0.2	-3.4
08:50:21	2.7	3.3	4.6
08:50:22	-0.4	1.3	-6.6
08:50:23	-3.5	-0.6	-1.8
08:50:24	1.8	-1	1.1
08:50:25	1.7	-2.7	1.8
08:50:26	-2	-1.8	-4.5
08:50:27	0.3	2.5	-1.5
08:50:28	0.1	1.8	-2
08:50:29	-1.8	4.2	-1.4
08:50:30	0	1.2	5.7
08:50:31	-0.7	-4.5	-5.2
08:50:32	-3.9	-4.4	-0.8
08:50:33	-0.5	-0.3	-7.8
08:50:34	0.9	2.9	4.9
08:50:35	4.1	4.8	-6.7
08:50:36	3.8	-0.2	6.4
08:50:37	-1.3	0.1	-2.9
08:50:38	-1.8	-0.1	0.4
08:50:39	0.2	-4.2	-4.6
08:50:40	-0.6	-2.2	1.2
08:50:41	-2.3	-0.8	-5.6
08:50:42	0	2.5	3.3
08:50:43	4.7	3.9	-2.9
08:50:44	-1.9	1.1	4.5
08:50:45	-3.4	-2.7	-0.7
08:50:46	2.6	1.4	0.4
08:50:47	-0.2	-0.6	-1.6
08:50:48	-3	-0.3	-3.1
08:50:49	-1.1	0	1.3
08:50:50	3.7	-0.7	-1.3
08:50:51	2.7	2.7	-1.4
08:50:52	-0.4	-1.1	0.9
08:50:53	-2	-1.8	1.3
08:50:54	-0.2	-0.4	-4.1
08:50:55	0.1	1	3.9
08:50:56	-2.6	1.4	-1.4
08:50:57	0.6	-0.3	-3
08:50:58	1.7	3	4.2
08:50:59	1.6	-1.2	-6.1
08:51:00	-0.4	-4.1	1
08:51:01	0.3	-1.2	0.5
08:51:02	-2.3	1.4	3.7
08:51:03	-1.5	2.8	-2.9
08:51:04	-1.3	2	0.1
08:51:05	4.5	-0.4	-3.8
08:51:06	2.4	-4.6	-1
08:51:07	1.1	3.6	0.6
08:51:08	0.3	0	3.2
08:51:09	-2.4	1.5	-8.9
08:51:10	-0.1	0.1	-1.7
08:51:11	-2.5	-2	-2.6
08:51:12	0.2	-2.8	3.3
08:51:13	3.7	4.2	-1.3
08:51:14	-4.5	-0.4	1.5
08:51:15	0.3	2.8	-4.8
08:51:16	3.3	0	1.2
08:51:17	-0.6	0.6	3.2
08:51:18	-0.7	-0.6	-0.5
08:51:19	0.6	-1.2	-4.4
08:51:20	-1.2	-1.5	-0.7
08:51:21	-2.6	1.1	0.9
08:51:22	2	-0.7	2.3
08:51:23	0.4	-0.9	-2.8
08:51:24	1.4	-1.6	-0.6
08:51:25	1.8	-2.2	3.9
08:51:26	-1.6	0	-0.2
08:51:27	-1.2	-0.3	-0.1
08:51:28	-1.7	2.1	-2.8
08:51:29	1.3	-1.2	4.1
08:51:30	-2.6	-0.5	-2.4
08:51:31	2.1	1.8	-2.4
08:51:32	0.5	-3.9	-1.6
08:51:33	1.2	-2	0.4
08:51:34	3.5	1.2	2.1
08:51:35	-2.4	-0.9	-0.6
08:51:36	-2.3	2.9	-1.8
08:51:37	0.5	0.1	2.5
08:51:38	-0.2	2.1	-5.9
08:51:39	1.4	-1.1	4.3
08:51:40	3.7	-1.9	-2.8
08:51:41	-4.6	-3	0
08:51:42	-3.4	-2.8	-4.1
08:51:43	3.9	0.1	1.2
08:51:44	0.5	1.3	-5.6
08:51:45	-2.6	1.8	5.9
08:51:46	0.8	0.7	0.3
08:51:47	-2.7	2.4	-6.1
08:51:48	0.1	-2	-0.8
08:51:49	2.3	-2.8	-0.7
08:51:50	0.8	-2	7.5
08:51:51	1.1	0.9	-8.4
08:51:52	-0.3	2.8	4.2
08:51:53	-0.3	-1	-1.6
08:51:54	1.9	-0.3	1.1
08:51:55	-1.7	1.3	1.7
08:51:56	-3.7	0.2	-3.4
08:51:57	0.2	0	2.1
08:51:58	3.1	-1.4	-3.9
08:51:59	-0.8	1.5	-0.6
08:52:00	-0.6	-1.9	2.2
08:52:01	0.9	2.3	-3.4
08:52:02	-2.1	-2.4	-1.7
08:52:03	-2.1	-0.2	1.2
08:52:04	1.2	0.8	4
08:52:05	4.4	-2.6	0.1
08:52:06	-0.7	1.9	-3.4
08:52:07	2	-2.9	0.9
08:52:08	-2.4	3.1	-1.8
08:52:09	-0.6	-0.5	-2.4
08:52:10	1.8	4	3.4
08:52:11	2.2	0.1	-0.5
08:52:12	-0.7	-2	-3.2
08:52:13	-3.3	1.1	-3.8
08:52:14	2.5	1.2	1.1
08:52:15	3.9	0.1	6
08:52:16	-1.3	-3.6	-10.9
08:52:17	-2.3	2.4	0.8
08:52:18	0.6	1	-5.4
08:52:19	-0.1	-0.5	6
08:52:20	1	-0.5	-10.4
08:52:21	-0.6	-0.9	4.2
08:52:22	-2.9	3	2.4
08:52:23	1.6	-0.9	0.7
08:52:24	-0.8	-0.3	-2.3
08:52:25	-0.2	1.2	-0.4
08:52:26	-0.2	-3.6	0.6
08:52:27	1.1	0.5	-1.7
08:52:28	3	1.5	-1.9
08:52:29	-0.8	-0.8	-3
08:52:30	-0.1	2.1	2.2
08:52:31	0.8	-0.4	-2.3
08:52:32	1.2	-0.1	2.9
08:52:33	-3.6	1.5	-0.4
08:52:34	-0.3	-2	0.1
08:52:35	0.7	0.3	-2.5
08:52:36	0.4	-0.1	2.4
08:52:37	2	1.6	-1.7
08:52:38	-1.2	-0.2	-1.8
08:52:39	1.2	-2.1	-3.6
08:52:40	-0.7	0.7	-2.7
08:52:41	0.3	1.5	1.8
08:52:42	0.8	1	-3.9
08:52:43	-2.9	-0.9	-0.1
08:52:44	1.5	1.1	4.2
08:52:45	-1	-0.5	-0.3
08:52:46	1.3	-0.9	-1.6
08:52:47	-3.1	1	2.8
08:52:48	1.1	0.8	-2.3
08:52:49	-1	-1.6	-4.4
08:52:50	0.6	3.5	-1.9
08:52:51	-0.5	-0.3	0
08:52:52	0.4	-2	-1.7
08:52:53	1.9	0.9	2
08:52:54	-1.6	-1.3	-3.7
08:52:55	2.3	0	0.9
08:52:56	-3.4	0.6	-0.9
08:52:57	-1.7	1.3	0.9
08:52:58	2.7	1.6	3.4
08:52:59	1.3	-1.7	-3.8
08:53:00	-1.3	-0.6	-2
08:53:01	-1.1	-1.5	0.1
08:53:02	-2.3	-1.1	-2.4
08:53:03	1.2	-1.6	-7.8
08:53:04	1.4	1.7	3.8
08:53:05	0.3	0	3.5
08:53:06	-0.2	2.8	-3.9
08:53:07	0.9	-0.1	-1.7
08:53:08	4.7	-3.3	3
08:53:09	-2.3	-1.3	-3
08:53:10	-1.1	-0.1	-0.9
08:53:11	0.8	-0.2	-1.3
08:53:12	1.2	2.1	-0.7
08:53:13	-1.5	0.2	5.5
08:53:14	-3.8	1.3	2.6
08:53:15	2.7	-3.4	-6.1
08:53:16	-1.5	1.8	-4.6
08:53:17	-1.4	1.7	4
08:53:18	0.8	3.5	-0.9
08:53:19	2.7	2.5	-1.1
08:53:20	-0.6	2.8	-1
08:53:21	-1.2	1.4	-7
08:53:22	-0.2	0.2	-0.5
08:53:23	-3.2	0.4	-3.5
08:53:24	-1.8	-1	4.3
08:53:25	2.9	1	-2.4
08:53:26	-0.6	1.1	0.6
08:53:27	0.5	-1.3	-1.5
08:53:28	-2.5	-0.5	-0.1
08:53:29	0	-1.7	3.3
08:53:30	-2.1	0.4	-8.2
08:53:31	0.4	-1	4.4
08:53:32	-0.2	1	-7.7
08:53:33	-0.4	-1.8	3.3
08:53:34	2.8	-0.3	1.9
08:53:35	-4.2	1.3	-0.7
08:53:36	-1.7	1.2	-6.8
08:53:37	1.2	-1.9	1.4
08:53:38	-0.2	0.6	2.9
08:53:39	2.3	0.1	-4.7
08:53:40	0.5	1.5	-0.5
08:53:41	-4.7	1.1	-1.4
08:53:42	-1.7	2	-3.4
08:53:43	5.3	-0.2	-0.4
08:53:44	-2.4	-2.8	-0.1
08:53:45	-0.6	2.9	0.1
08:53:46	3	0.9	-0.7
08:53:47	-1.4	0.5	1.6
08:53:48	-3.2	0	-7
08:53:49	0.1	-0.7	2.2
08:53:50	3	1.7	0.6
08:53:51	-2.8	2.5	1.6
08:53:52	1	-0.1	-4.2
08:53:53	2.3	0.3	-1.2
08:53:54	-1.9	-1.2	-0.5
08:53:55	1.5	2.5	0.8
08:53:56	-3.8	0.7	0.1
08:53:57	-1.6	-2.5	-3.1
08:53:58	0.5	-0.2	2.1
08:53:59	-1	0.3	-0.9
08:54:00	1.2	2.5	0
08:54:01	3	-0.5	3
08:54:02	-1	1.1	-3.1
08:54:03	3.5	0.1	-2.6
08:54:04	-3.2	-1.1	1.7
08:54:05	-1.7	2	-3.2
08:54:06	-0.4	0.1	-3.8
08:54:07	-0.7	1	0.8
08:54:08	1.1	-2.3	-7.5
08:54:09	2	0.4	10.7
08:54:10	-3.9	1.2	-2.1
08:54:11	1.2	-0.5	-0.7
08:54:12	3.3	1	3.1
08:54:13	-1.3	1.5	-1.3
08:54:14	-3.1	-1.8	-0.9
08:54:15	2.9	-0.2	2.7
08:54:16	-5	0.5	-6.1
08:54:17	3.6	-0.3	-0.5
08:54:18	-2.1	0.7	6.6
08:54:19	1	3.9	-11.5
08:54:20	0.5	-2.6	1.3
08:54:21	0.5	2	0.9
08:54:22	-1.3	-0.3	2.9
08:54:23	0.3	1.4	-6.5
08:54:24	0.2	1.2	1.1
08:54:25	-0.2	-2.2	-3.5
08:54:26	0.6	0.4	3.5
08:54:27	-1.5	4.3	-5.1
08:54:28	3	-1.6	3.2
08:54:29	-2.1	0.1	-0.6
08:54:30	0.5	-0.6	-1.3
08:54:31	0.1	-0.8	-1.9
08:54:32	-3.4	0.7	-0.8
08:54:33	0.9	1.3	3.3
08:54:34	-1	0.2	-5.4
08:54:35	1.3	0.9	4.2
08:54:36	2.3	-0.6	-4.9
08:54:37	-1.1	1.7	5
08:54:38	0.1	-0.8	-5.3
08:54:39	-1.2	0	-4.2
08:54:40	-2.1	1.1	-0.7
08:54:41	0.8	-1	0.9
08:54:42	0.5	0	-0.5
08:54:43	1.3	0.1	-4.7
08:54:44	3.4	3.1	5.5
08:54:45	-1.7	0.4	-4.2
08:54:46	-0.2	-1.1	-5.8
08:54:47	-2.1	0.4	-2.8
08:54:48	4	-4.2	1.2
08:54:49	-3.1	2.7	8
08:54:50	-0.3	-2.4	-7.1
08:54:51	0.6	2.2	2.1
08:54:52	-2.3	2.2	-2.1
08:54:53	-0.5	0.1	0.9
08:54:54	-1.3	-0.5	0.2
08:54:55	-0.3	-1.5	-1.5
08:54:56	1.7	-1.9	-2.2
08:54:57	-0.8	0	-0.9
08:54:58	3.3	0.8	-0.2
08:54:59	-2.5	0.4	0
08:55:00	0.9	-0.2	1.4
08:55:01	-1.4	2.4	-1.1
08:55:02	-2.6	-2.7	-4.2
08:55:03	2.2	1	0.8
08:55:04	-3.1	-0.5	-0.1
08:55:05	4	0.9	1.5
08:55:06	-1.1	-1.2	-1.5
08:55:07	1.1	0.3	1.4
08:55:08	-1.9	0.9	0.3
08:55:09	3.3	0.1	-4.6
08:55:10	-0.4	-1.1	1
08:55:11	-1.2	0.2	-4.3
08:55:12	1.4	0.9	0.8
08:55:13	1.1	1.3	-1.5
08:55:14	0.1	0.1	-2
08:55:15	0.4	0.3	2.6
08:55:16	1.2	0.7	-2.1
08:55:17	-1.5	-2	-0.8
08:55:18	-1.8	-1	1
08:55:19	0.9	0.3	0.6
08:55:20	-1.5	1.3	-1.9
08:55:21	1.1	-0.1	-0.3
08:55:22	0.8	-0.5	2.7
08:55:23	-3	-0.6	-0.7
08:55:24	3.3	-0.7	-0.9
08:55:25	-1	0.7	-1.4
08:55:26	1.5	-0.4	-0.2
08:55:27	-1.7	0.9	-4.6
08:55:28	-0.9	0.8	1.5
08:55:29	2.6	-1.6	4.5
08:55:30	-3.2	0.9	-10.5
08:55:31	-0.5	0.2	5
08:55:32	-1.5	-1	-2.1
08:55:33	2.3	-1.2	-1.9
08:55:34	-1.4	3.6	0.6
08:55:35	-0.2	-2.2	-5.9
08:55:36	2.2	2.8	-1.4
08:55:37	-1.4	-0.8	3.4
08:55:38	-2.2	0.5	-3.5
08:55:39	1.4	-0.9	-3.8
08:55:40	-3.2	-0.7	5.8
08:55:41	1.6	0	-0.7
08:55:42	0.5	0.4	-7.4
08:55:43	-0.3	-0.2	-1.9
08:55:44	-1	-0.9	-1.4
08:55:45	-0.4	0	-0.2
08:55:46	0.4	0.7	2.7
08:55:47	-0.5	0.4	-2.3
08:55:48	3.5	0.6	0.7
08:55:49	-0.6	-0.3	-1.4
08:55:50	1.5	-2.7	-2.3
08:55:51	-1.9	3.9	-2.6
08:55:52	1.6	-0.7	2
08:55:53	-2.3	-0.6	-0.3
08:55:54	2.8	-0.5	0.1
08:55:55	-2.4	1.9	0.1
08:55:56	1.3	1.1	-3.5
08:55:57	-0.5	-0.8	0.6
08:55:58	-2.7	-1.6	-5.4
08:55:59	1.9	-0.8	0.1
08:56:00	0.8	1.7	1.7
08:56:01	1.3	-0.4	1.9
08:56:02	-2.3	1.7	-7.8
08:56:03	1	-3.7	-2.4
08:56:04	-2.9	1	-1.4
08:56:05	0.7	0.1	1.5
08:56:06	-2.5	-0.1	-4.1
08:56:07	0.3	0.4	0.1
08:56:08	-0.2	0	-0.9
08:56:09	6.3	-1	3.7
08:56:10	-3.2	2.8	-8.5
08:56:11	0.1	-0.2	-1.1
08:56:12	-2.1	-0.3	3.4
08:56:13	2.2	-1	-1.2
08:56:14	-2	-0.1	-3.9
08:56:15	-0.2	1	3.5
08:56:16	-0.7	-2.3	-1.9
08:56:17	2.8	3.1	-2.1
08:56:18	-2.7	-0.1	-8.5
08:56:19	1.5	0.4	2.4
08:56:20	-0.9	0.3	1.8
08:56:21	-2.5	-0.3	2
08:56:22	2	-0.3	-5.3
08:56:23	-1.8	-2	0.3
08:56:24	3.3	-0.1	-2.4
08:56:25	-0.6	-0.5	3.1
08:56:26	1.6	0.4	1.2
08:56:27	-2.8	0.7	-2.9
08:56:28	-3.5	2.4	-2.5
08:56:29	0.5	0.1	5.3
08:56:30	2	-0.7	2.5
08:56:31	-2	0	-4.5
08:56:32	3	-1.7	-2.5
08:56:33	-0.4	-1	-2.8
08:56:34	-1.7	-0.7	3.3
08:56:35	0.9	1.6	-1.3
08:56:36	1.7	-1	4
08:56:37	-0.3	1.1	-3.8
08:56:38	1.4	-0.3	-1.9
08:56:39	-0.5	-1.3	-1.1
08:56:40	-2.3	-1	0.5
08:56:41	-1.2	1.9	5.3
08:56:42	2.3	-2.1	-2.2
08:56:43	-1.7	0.1	-3.5
08:56:44	0.2	2	0.1
08:56:45	-1.5	-0.9	1.2
08:56:46	1.9	-0.9	-4.2
08:56:47	-2	0.7	-0.8
08:56:48	1.2	-0.5	-0.7
08:56:49	0.2	2	2.4
08:56:50	0.6	-0.6	0.1
08:56:51	-3.8	-0.1	-4.9
08:56:52	1.2	0.5	1.8
08:56:53	2.2	-1.7	3.3
08:56:54	-2.1	-1.2	-0.8
08:56:55	0.3	1.5	-4.5
08:56:56	2.3	-0.5	-2.5
08:56:57	-0.9	1.2	4.7
08:56:58	-1.6	-3.4	-5.7
08:56:59	0.8	3.2	0.9
08:57:00	-2.4	0.3	-0.7
08:57:01	-0.9	-2.1	-6.4
08:57:02	0.4	1.1	-0.3
08:57:03	2.3	-1.7	-1.8
08:57:04	1.8	2.2	5.3
08:57:05	-3.2	0.9	-0.1
08:57:06	0.9	-0.6	-5.2
08:57:07	-1.2	-0.1	1.2
08:57:08	-0.4	1.2	-0.4
08:57:09	0.9	0.2	-1.4
08:57:10	2.2	-1.1	1.9
08:57:11	-2.9	-3	-3.9
08:57:12	-0.2	2.6	-4
08:57:13	2.6	0.9	3.9
08:57:14	-1.4	-1.3	-5.3
08:57:15	-1.4	2.4	-1.7
08:57:16	2.6	-1	-1.2
08:57:17	-0.9	-1.2	1.5
08:57:18	0.5	1.5	2.6
08:57:19	-1.7	0.5	-5.5
08:57:20	1.8	-1.6	3.1
08:57:21	-1.6	-0.2	-7.6
08:57:22	-2.3	2.9	2.1
08:57:23	3.9	-0.8	-0.1
08:57:24	-1	0	4.2
08:57:25	1.9	1.2	-6.5
08:57:26	-2.7	-0.6	-0.3
08:57:27	1.5	1.8	1.6
08:57:28	1.9	-2.6	-5.8
08:57:29	1.7	0.6	1.9
08:57:30	-2.5	0	-2
08:57:31	-1.2	0.8	0.5
08:57:32	-0.1	-1.3	-1.7
08:57:33	1	1.1	0
08:57:34	1.4	0.2	2.3
08:57:35	-2.1	-1	-1.1
08:57:36	-3.7	1.2	-1.7
08:57:37	2.7	-2.1	-4.3
08:57:38	1.2	3.2	3.4
08:57:39	-4.4	-2.4	-2.7
08:57:40	5	0.7	4
08:57:41	-1	-0.8	-3.2
08:57:42	2.7	0.8	-0.4
08:57:43	-2.6	-0.5	-4.3
08:57:44	-5.2	1.5	-6
08:57:45	3	-1.1	-2.2
08:57:46	1.5	-1.2	2.9
08:57:47	2.9	0.2	3.8
08:57:48	-3.9	1.2	-1.3
08:57:49	1.2	0.1	-1.5
08:57:50	0.8	-0.2	-2.8
08:57:51	0.1	0.9	1.1
08:57:52	0.4	1.6	3.4
08:57:53	-4	-0.4	-5.7
08:57:54	0.7	0.6	1
08:57:55	0.1	-1.3	1.3
08:57:56	1.4	-1.1	-2.7
08:57:57	-0.3	-1	-1
08:57:58	-1.3	1.1	-3.7
08:57:59	2	1.2	6
08:58:00	1.1	2.2	-1.6
08:58:01	0	-0.3	-8.8
08:58:02	0.4	-0.4	7.4
08:58:03	-1.1	1.4	-6.1
08:58:04	-0.8	-0.5	5.8
08:58:05	-0.1	0.5	-2.1
08:58:06	1.6	-0.7	-4.7
08:58:07	0.7	0.9	1.3
08:58:08	0	-0.6	-0.4
08:58:09	-0.6	0.7	-1.9
08:58:10	-1.2	-1.3	-0.3
08:58:11	0.4	0.6	4
08:58:12	-0.9	0.4	-2.2
08:58:13	-2.1	1	-7.5
08:58:14	-0.6	-0.3	4.3
08:58:15	0.2	1.5	-2.5
08:58:16	0.1	-1	3
08:58:17	1.3	1.7	-1.9
08:58:18	-0.2	-2.5	-5.4
08:58:19	2.2	1.5	9.1
08:58:20	-2.4	-0.4	-4.1
08:58:21	2.4	1.5	0.5
08:58:22	0	0	0.4
08:58:23	-2.8	-0.4	-8.7
08:58:24	5.2	0.5	3.3
08:58:25	-3.4	0	-5.7
08:58:26	0.3	0.2	3.5
08:58:27	0.1	-1.1	-7.4
08:58:28	-2.1	0.4	1.3
08:58:29	4	1.6	-2
08:58:30	0.6	-0.7	1.1
08:58:31	-0.8	-1	-3.4
08:58:32	1.9	1.5	7.4
08:58:33	-1.9	0.3	-5.9
08:58:34	2	0.9	3
08:58:35	-2.4	-3.3	-1.5
08:58:36	1.9	1.8	-0.5
08:58:37	-2.1	-2.5	-4.7
08:58:38	-2.7	1.4	0.1
08:58:39	-0.1	-2.3	0.1
08:58:40	1.5	1.9	-1.2
08:58:41	1.3	-3.1	-2.4
08:58:42	1.3	2.3	1
08:58:43	-3.2	-2.2	-2.8
08:58:44	4.1	-1	2
08:58:45	-1.2	1.1	-2.9
08:58:46	-3.8	-0.9	-3.1
08:58:47	4.6	-0.8	1.8
08:58:48	-3.6	1.6	-3.2
08:58:49	1.6	-0.8	-1.2
08:58:50	2.7	0.6	7.2
08:58:51	-1	-0.6	-4.5
08:58:52	-1.6	-1.3	-1.8
08:58:53	0.2	0	1
08:58:54	-0.8	1.4	-3.2
08:58:55	-0.8	-0.4	3.3
08:58:56	-0.5	0.1	-4.2
08:58:57	-1.2	2.3	0.9
08:58:58	-0.4	0.9	0.3
08:58:59	1.4	-1.7	-1.9
08:59:00	-1.1	1.4	3.2
08:59:01	1.1	0.3	-3.9
08:59:02	-1.8	1.4	0.7
08:59:03	2.1	-0.6	-1.8
08:59:04	-2.3	0.3	-5.3
08:59:05	2.3	0.4	2.9
08:59:06	-0.4	0.3	0.8
08:59:07	-0.8	2.1	-4.8
08:59:08	-1.7	-2.7	2.1
08:59:09	2.4	3.7	3.6
08:59:10	-0.9	0.7	-4
08:59:11	1.1	-1.8	-2.3
08:59:12	-1.2	0.9	1
08:59:13	-0.4	2.2	-0.6
08:59:14	1.4	1	-2
08:59:15	0	-3.5	-0.5
08:59:16	-0.9	-1.7	1.3
08:59:17	-1.6	1.1	2.3
08:59:18	0.6	3.8	-7.6
08:59:19	-0.2	-0.9	1.3
08:59:20	-3.2	0.9	-0.5
08:59:21	-2.3	0.1	-3.6
08:59:22	3.5	-2.7	4.6
08:59:23	1.7	2.7	0.6
08:59:24	-4.9	2.3	-3.7
08:59:25	1.1	0.5	0.8
08:59:26	3.1	-1.5	1
08:59:27	0	-1.2	-4.6
08:59:28	-2.5	1	-1.2
08:59:29	4.1	0.3	1.7
08:59:30	-5.2	-1	-8.7
08:59:31	1.2	-0.2	-1.3
08:59:32	1.8	1.9	5.6
08:59:33	-0.3	1.2	-3.8
08:59:34	-3.1	-1.6	-3.4
08:59:35	3.4	1.2	-1.8
08:59:36	-1.2	-0.7	0
08:59:37	0.2	0.9	-0.1
08:59:38	1.2	0.4	-2.4
08:59:39	-1.4	-0.1	0.3
08:59:40	1.5	-0.8	-2
08:59:41	0.2	1.8	0.2
08:59:42	-0.8	1.1	-3.5
08:59:43	1.3	-2.4	6.4
08:59:44	0.6	1.1	-0.6
08:59:45	-2.7	2	2
08:59:46	0.2	-0.6	-1.5
08:59:47	3.7	-1.2	4.4
08:59:48	-3.8	1	-7
08:59:49	-0.1	0.3	2.1
08:59:50	1.3	1.3	4.6
08:59:51	-1.7	-1.7	-10.7
08:59:52	2.3	0.6	5.7
08:59:53	-1.6	1.3	-2.2
08:59:54	-2	-1.9	-2.1
08:59:55	1.5	0.2	0.5
08:59:56	0.8	0.8	5.2
08:59:57	-2.7	1.2	-5
08:59:58	-0.6	0.6	3.1
08:59:59	2.4	1.1	-0.2
